Ammonia, Redlich-Kwong eos, values of parameters a and b are close to those in Table 12
rk
1. 0.001
temp  250.000 K
dm^3/mol mmHg
    2.07861750000000E+02    7.49111243433193E+01
    1.88965227272727E+02    8.24363010502715E+01
    1.73218125000000E+02    8.98515386854558E+01
    1.59893653846154E+02    9.73661758668435E+01
    1.48472678571429E+02    1.04829772636679E+02
    1.38574500000000E+02    1.12265082574572E+02
    1.29913593750000E+02    1.19847062091818E+02
    1.22271617647059E+02    1.27279116549940E+02
    1.15478750000000E+02    1.34745619389007E+02
    1.09400921052632E+02    1.42250737947643E+02
    1.03930875000000E+02    1.49727797895053E+02
    9.89817857142857E+01    1.57146299839368E+02
    9.44826136363636E+01    1.64637033403545E+02
    9.03746739130435E+01    1.72096933200405E+02
    8.66090625000000E+01    1.79512814721389E+02
    8.31447000000000E+01    1.87036412935964E+02
    7.99468269230769E+01    1.94439737106546E+02
    7.69858333333333E+01    2.01798437501656E+02
    7.42363392857143E+01    2.09280074409082E+02
    7.16764655172414E+01    2.16909955277098E+02
    6.92872500000000E+01    2.24320538978304E+02
    6.70521774193548E+01    2.31769940543167E+02
    6.49567968750000E+01    2.39123767067678E+02
    6.29884090909091E+01    2.46638015940749E+02
    6.11358088235294E+01    2.53991506772213E+02
    5.93890714285714E+01    2.61442796811278E+02
    5.77393750000000E+01    2.68937364856763E+02
    5.61788513513513E+01    2.76449379003187E+02
    5.47004605263158E+01    2.83864616730398E+02
    5.32978846153846E+01    2.91133642329585E+02
    5.19654375000000E+01    2.98783802353112E+02
    5.06979878048780E+01    3.06064166103548E+02
    4.94908928571429E+01    3.13479758341671E+02
    4.83399418604651E+01    3.21113047105007E+02
    4.72413068181818E+01    3.28508694028606E+02
    4.61915000000000E+01    3.35649516264038E+02
    4.51873369565217E+01    3.43069370858829E+02
    4.42259042553191E+01    3.50546442403539E+02
    4.33045312500000E+01    3.58248371403217E+02
    4.24207653061224E+01    3.65312012290805E+02
    4.15723500000000E+01    3.72821596371513E+02
    4.07572058823529E+01    3.80231569676368E+02
    3.99734134615385E+01    3.87753428564450E+02
    3.92191981132075E+01    3.94996756815585E+02
    3.84929166666667E+01    4.02402435101665E+02
    3.77930454545455E+01    4.10108438004081E+02
    3.71181696428571E+01    4.17164667917630E+02
    3.64669736842105E+01    4.24747401794023E+02
    3.58382327586207E+01    4.32189348147890E+02
    3.52308050847458E+01    4.39693102757788E+02
    3.46436250000000E+01    4.47181989773282E+02
    3.40756967213115E+01    4.54390570180685E+02
    3.35260887096774E+01    4.61716248201717E+02
    3.29939285714286E+01    4.69210518817532E+02
    3.24783984375000E+01    4.76743956671963E+02
    3.19787307692308E+01    4.83995971094315E+02
    3.14942045454545E+01    4.91145456915267E+02
    3.10241417910448E+01    4.98850779331190E+02
    3.05679044117647E+01    5.06082926867319E+02
    3.01248913043478E+01    5.13614197373714E+02
    2.96945357142857E+01    5.20848276565076E+02
    2.92763028169014E+01    5.28344883874730E+02
    2.88696875000000E+01    5.35612739907626E+02
    2.84742123287671E+01    5.43190293951649E+02
    2.80894256756757E+01    5.50467138451283E+02
    2.77149000000000E+01    5.57586561853844E+02
    2.73502302631579E+01    5.65062128720322E+02
    2.69950324675325E+01    5.72371783529651E+02
    2.66489423076923E+01    5.79691547988449E+02
    2.63116139240506E+01    5.87135957271474E+02
    2.59827187500000E+01    5.94737355661552E+02
    2.56619444444444E+01    6.02264020518196E+02
    2.53489939024390E+01    6.09453732175514E+02
    2.50435843373494E+01    6.16886954880141E+02
    2.47454464285714E+01    6.24051458065444E+02
    2.44543235294118E+01    6.31625387169121E+02
    2.41699709302326E+01    6.38890299354084E+02
    2.38921551724138E+01    6.46136304206621E+02
    2.36206534090909E+01    6.53546420359026E+02
    2.33552528089888E+01    6.60853924179890E+02
    2.30957500000000E+01    6.68476658439099E+02
    2.28419505494505E+01    6.75283079092347E+02
    2.25936684782609E+01    6.83057064383886E+02
    2.23507258064516E+01    6.90412637843653E+02
    2.21129521276596E+01    6.97295521962525E+02
    2.18801842105263E+01    7.05106425691620E+02
    2.16522656250000E+01    7.12500857869248E+02
    2.14290463917526E+01    7.19213691039404E+02
    2.12103826530612E+01    7.26926557200267E+02
    2.09961363636364E+01    7.34202102327308E+02
    2.07861750000000E+01    7.41477087683189E+02
    2.05803712871287E+01    7.48682644953970E+02
    2.03786029411765E+01    7.56261543244255E+02
    2.01807524271845E+01    7.63791072733765E+02
    1.99867067307692E+01    7.70996310543385E+02
    1.97963571428571E+01    7.78147454728559E+02
    1.96095990566038E+01    7.85300716983476E+02
    1.94263317757009E+01    7.92466366260913E+02
    1.92464583333333E+01    8.00367137048005E+02
    1.90698853211009E+01    8.07345870377466E+02
    1.88965227272727E+01    8.14861258176600E+02
    1.87262837837838E+01    8.21789017928852E+02
    1.85590848214286E+01    8.29755658025637E+02
    1.83948451327434E+01    8.36766672291442E+02
    1.82334868421053E+01    8.43646612173565E+02
    1.80749347826087E+01    8.51532499524779E+02
    1.79191163793103E+01    8.58791934443728E+02
    1.77659615384615E+01    8.65908029420496E+02
    1.76154025423729E+01    8.73319365785837E+02
    1.74673739495798E+01    8.80637273657403E+02
    1.73218125000000E+01    8.87564915996944E+02
    1.71786570247934E+01    8.95368156769863E+02
    1.70378483606557E+01    9.02721089387059E+02
    1.68993292682927E+01    9.09397568444018E+02
    1.67630443548387E+01    9.17066284199660E+02
    1.66289400000000E+01    9.23994080910858E+02
    1.64969642857143E+01    9.31905778617499E+02
    1.63670669291339E+01    9.39336598806391E+02
    1.62391992187500E+01    9.46266216637589E+02
    1.61133139534884E+01    9.53141383067774E+02
    1.59893653846154E+01    9.60531190668610E+02
    1.58673091603053E+01    9.67720565042341E+02
    1.57471022727273E+01    9.75142925398508E+02
    1.56287030075188E+01    9.82500265587306E+02
    1.55120708955224E+01    9.90313222463315E+02
    1.53971666666667E+01    9.97053762516286E+02
    1.52839522058824E+01    1.00450987919110E+03
    1.51723905109489E+01    1.01192593411935E+03
    1.50624456521739E+01    1.01844832646399E+03
    1.49540827338129E+01    1.02653370679281E+03
    1.48472678571429E+01    1.03386119624721E+03
    1.47419680851064E+01    1.04119191426053E+03
    1.46381514084507E+01    1.04765049770467E+03
    1.45357867132867E+01    1.05566234161434E+03
    1.44348437500000E+01    1.06241499997396E+03
    1.43352931034483E+01    1.06961196919975E+03
    1.42371061643836E+01    1.07718270826055E+03
    1.41402551020408E+01    1.08414962264448E+03
    1.40447128378378E+01    1.09103358829626E+03
    1.39504530201342E+01    1.09914803619195E+03
    1.38574500000000E+01    1.10624999800430E+03
    1.37656788079470E+01    1.11361667034708E+03
    1.36751151315789E+01    1.12077432461467E+03
    1.35857352941176E+01    1.12801290431853E+03
    1.34975162337662E+01    1.13493508796214E+03
    1.34104354838710E+01    1.14256530966783E+03
    1.33244711538462E+01    1.14939970522758E+03
    1.32396019108280E+01    1.15710699066673E+03
    1.31558069620253E+01    1.16420002907030E+03
    1.30730660377358E+01    1.17164121665828E+03
    1.29913593750000E+01    1.17842443154979E+03
    1.29106677018634E+01    1.18519134485223E+03
    1.28309722222222E+01    1.19331625891050E+03
    1.27522546012270E+01    1.19964235249882E+03
    1.26744969512195E+01    1.20726040984804E+03
    1.25976818181818E+01    1.21392360209929E+03
    1.25217921686747E+01    1.22229902618027E+03
    1.24468113772455E+01    1.22835903179327E+03
    1.23727232142857E+01    1.23655925329671E+03
    1.22995118343195E+01    1.24295222835283E+03
    1.22271617647059E+01    1.25036232001885E+03
    1.21556578947368E+01    1.25794512425893E+03
    1.20849854651163E+01    1.26497156281471E+03
    1.20151300578035E+01    1.27248792704205E+03
    1.19460775862069E+01    1.27943609006612E+03
    1.18778142857143E+01    1.28674481246190E+03
    1.18103267045455E+01    1.29337961714774E+03
    1.17436016949153E+01    1.30141814468413E+03
    1.16776264044944E+01    1.30854422222031E+03
    1.16123882681564E+01    1.31594591867341E+03
    1.15478750000000E+01    1.32305020239968E+03
    1.14840745856354E+01    1.33002028968764E+03
    1.14209752747253E+01    1.33762213466767E+03
    1.13585655737705E+01    1.34469613158258E+03
    1.12968342391304E+01    1.35147090887533E+03
    1.12357702702703E+01    1.35873319799580E+03
    1.11753629032258E+01    1.36642803023567E+03
    1.11156016042781E+01    1.37261756938259E+03
    1.10564760638298E+01    1.37986199912122E+03
    1.09979761904762E+01    1.38780724054199E+03
    1.09400921052632E+01    1.39396601498634E+03
    1.08828141361257E+01    1.40207910088492E+03
    1.08261328125000E+01    1.40824228966223E+03
    1.07700388601036E+01    1.41655599673841E+03
    1.07145231958763E+01    1.42348730302693E+03
    1.06595769230769E+01    1.43091811156714E+03
    1.06051913265306E+01    1.43735337600498E+03
    1.05513578680203E+01    1.44522212802573E+03
    1.04980681818182E+01    1.45237485765417E+03
    1.04453140703518E+01    1.45945356466461E+03
    1.03930875000000E+01    1.46639072049540E+03
    1.03413805970149E+01    1.47407769751488E+03
    1.02901856435644E+01    1.48105554752750E+03
    1.02394950738916E+01    1.48770424688790E+03
    1.01893014705882E+01    1.49478625040371E+03
    1.01395975609756E+01    1.50123361460078E+03
    1.00903762135922E+01    1.50973425893302E+03
    1.00416304347826E+01    1.51691279384906E+03
    9.99335336538461E+00    1.52413379042745E+03
    9.94553827751196E+00    1.53126413034435E+03
    9.89817857142857E+00    1.53747221904287E+03
    9.85126777251185E+00    1.54545800319178E+03
    9.80479952830189E+00    1.55163908822705E+03
    9.75876760563380E+00    1.55895711252993E+03
    9.71316588785047E+00    1.56624913469944E+03
    9.66798837209302E+00    1.57325942243053E+03
    9.62322916666666E+00    1.57987599455347E+03
    9.57888248847926E+00    1.58783149754076E+03
    9.53494266055046E+00    1.59509433600396E+03
    9.49140410958904E+00    1.60254246895856E+03
    9.44826136363636E+00    1.60905592875767E+03
    9.40550904977376E+00    1.61642753582546E+03
    9.36314189189189E+00    1.62394386097457E+03
    9.32115470852018E+00    1.63076621101459E+03
    9.27954241071428E+00    1.63811953230489E+03
    9.23830000000000E+00    1.64539502430200E+03
    9.19742256637168E+00    1.65164269146435E+03
    9.15690528634361E+00    1.65925762167180E+03
    9.11674342105263E+00    1.66689259795774E+03
    9.07693231441048E+00    1.67326187840935E+03
    9.03746739130435E+00    1.68020964750193E+03
    8.99834415584415E+00    1.68779886319401E+03
    8.95955818965517E+00    1.69448418425418E+03
    8.92110515021459E+00    1.70129040855660E+03
    8.88298076923077E+00    1.70937879026495E+03
    8.84518085106383E+00    1.71660283150267E+03
    8.80770127118644E+00    1.72334229033021E+03
    8.77053797468354E+00    1.72944203300320E+03
    8.73368697478992E+00    1.73766242249937E+03
    8.69714435146443E+00    1.74453568578807E+03
    8.66090625000000E+00    1.75066563512678E+03
    8.62496887966805E+00    1.75916245195346E+03
    8.58932851239669E+00    1.76629451377435E+03
    8.55398148148148E+00    1.77187509473423E+03
    8.51892418032787E+00    1.78036606065851E+03
    8.48415306122449E+00    1.78617053641663E+03
    8.44966463414634E+00    1.79419295921836E+03
    8.41545546558704E+00    1.80146738245406E+03
    8.38152217741935E+00    1.80772854756105E+03
    8.34786144578313E+00    1.81531951815575E+03
    8.31447000000000E+00    1.82180704561937E+03
    8.28134462151394E+00    1.82954924196682E+03
    8.24848214285714E+00    1.83665524218997E+03
    8.21587944664032E+00    1.84409764711688E+03
    8.18353346456693E+00    1.85036719142316E+03
    8.15144117647059E+00    1.85803591066581E+03
    8.11959960937500E+00    1.86475164927550E+03
    8.08800583657587E+00    1.87226100668262E+03
    8.05665697674419E+00    1.87873700208033E+03
    8.02555019305019E+00    1.88498399171467E+03
    7.99468269230769E+00    1.89297680757770E+03
    7.96405172413793E+00    1.90074672880868E+03
    7.93365458015267E+00    1.90743951327535E+03
    7.90348859315589E+00    1.91406028262997E+03
    7.87355113636364E+00    1.92179945854362E+03
    7.84383962264151E+00    1.92910133964982E+03
    7.81435150375940E+00    1.93559746405993E+03
    7.78508426966292E+00    1.94287733714952E+03
    7.75603544776119E+00    1.94995511055461E+03
    7.72720260223048E+00    1.95693480209555E+03
    7.69858333333333E+00    1.96383812390626E+03
    7.67017527675277E+00    1.97133577495322E+03
    7.64197610294118E+00    1.97797479157562E+03
    7.61398351648352E+00    1.98441537498859E+03
    7.58619525547445E+00    1.99132527219101E+03
    7.55860909090909E+00    1.99881086220006E+03
    7.53122282608696E+00    2.00628835362667E+03
    7.50403429602888E+00    2.01185436012689E+03
    7.47704136690647E+00    2.01886579878483E+03
    7.45024193548387E+00    2.02573568597907E+03
    7.42363392857143E+00    2.03373777501591E+03
    7.39721530249110E+00    2.04020685232526E+03
    7.37098404255319E+00    2.04798696645431E+03
    7.34493816254417E+00    2.05392555946834E+03
    7.31907570422535E+00    2.06213243960351E+03
    7.29339473684210E+00    2.06816896494461E+03
    7.26789335664336E+00    2.07573727551001E+03
    7.24256968641115E+00    2.08192526026587E+03
    7.21742187500000E+00    2.09092300410755E+03
    7.19244809688581E+00    2.09689731669847E+03
    7.16764655172414E+00    2.10325831992382E+03
    7.14301546391752E+00    2.11069470151431E+03
    7.11855308219178E+00    2.11827537350020E+03
    7.09425767918089E+00    2.12414855515380E+03
    7.07012755102041E+00    2.13136362068056E+03
    7.04616101694915E+00    2.13870589194225E+03
    7.02235641891892E+00    2.14692709892089E+03
    6.99871212121212E+00    2.15329729382046E+03
    6.97522651006711E+00    2.15946559062401E+03
    6.95189799331104E+00    2.16796324831455E+03
    6.92872500000000E+00    2.17438084802735E+03
    6.90570598006644E+00    2.18098985044016E+03
    6.88283940397351E+00    2.18822592782935E+03
    6.86012376237624E+00    2.19451560742020E+03
    6.83755756578947E+00    2.20163911736253E+03
    6.81513934426229E+00    2.20795591398099E+03
    6.79286764705882E+00    2.21629387199852E+03
    6.77074104234528E+00    2.22379587442827E+03
    6.74875811688312E+00    2.23013552392157E+03
    6.72691747572815E+00    2.23624839367752E+03
    6.70521774193548E+00    2.24344970980343E+03
    6.68365755627010E+00    2.24992051586778E+03
    6.66223557692308E+00    2.25675256231063E+03
    6.64095047923323E+00    2.26496385240675E+03
    6.61980095541401E+00    2.27205507050408E+03
    6.59878571428571E+00    2.27839806343340E+03
    6.57790348101266E+00    2.28503546586723E+03
    6.55715299684543E+00    2.29359082792032E+03
    6.53653301886792E+00    2.29929082781094E+03
    6.51604231974922E+00    2.30675616761173E+03
    6.49567968750000E+00    2.31259849332603E+03
    6.47544392523364E+00    2.32124690243211E+03
    6.45533385093168E+00    2.32810816612297E+03
    6.43534829721362E+00    2.33537254047876E+03
    6.41548611111111E+00    2.34204583184292E+03
    6.39574615384615E+00    2.34758170415314E+03
    6.37612730061350E+00    2.35582188091991E+03
    6.35662844036697E+00    2.36206960680640E+03
    6.33724847560976E+00    2.36977767817665E+03
    6.31798632218845E+00    2.37692153799846E+03
    6.29884090909091E+00    2.38213143761085E+03
    6.27981117824773E+00    2.38906885766604E+03
    6.26089608433735E+00    2.39582931731895E+03
    6.24209459459459E+00    2.40438407889014E+03
    6.22340568862275E+00    2.40994166535531E+03
    6.20482835820895E+00    2.41826882720863E+03
    6.18636160714286E+00    2.42380154039569E+03
    6.16800445103858E+00    2.43244082988873E+03
    6.14975591715976E+00    2.43937797736356E+03
    6.13161504424779E+00    2.44430482032410E+03
    6.11358088235294E+00    2.45160757652740E+03
    6.09565249266862E+00    2.45816890801095E+03
    6.07782894736842E+00    2.46612817499491E+03
    6.06010932944606E+00    2.47245493637479E+03
    6.04249273255814E+00    2.47904041122313E+03
    6.02497826086957E+00    2.48688446480804E+03
    6.00756502890173E+00    2.49264500259499E+03
    5.99025216138329E+00    2.50173157433582E+03
    5.97303879310345E+00    2.50752448728030E+03
    5.95592406876791E+00    2.51377902374623E+03
    5.93890714285714E+00    2.52207218102334E+03
    5.92198717948718E+00    2.52938374025231E+03
    5.90516335227273E+00    2.53557133449559E+03
    5.88843484419263E+00    2.54173970386827E+03
    5.87180084745763E+00    2.54962869829447E+03
    5.85526056338028E+00    2.55513508412452E+03
    5.83881320224719E+00    2.56289706289204E+03
    5.82245798319328E+00    2.57035660046023E+03
    5.80619413407821E+00    2.57788621913034E+03
    5.79002089136490E+00    2.58277497912717E+03
    5.77393750000000E+00    2.59066028471796E+03
    5.75794321329640E+00    2.59700609535866E+03
    5.74203729281768E+00    2.60513324462944E+03
    5.72621900826446E+00    2.61021204235814E+03
    5.71048763736264E+00    2.61689754825288E+03
    5.69484246575342E+00    2.62597596253566E+03
    5.67928278688525E+00    2.63289358543482E+03
    5.66380790190736E+00    2.63936166141987E+03
    5.64841711956522E+00    2.64622838250635E+03
    5.63310975609756E+00    2.65168460093633E+03
    5.61788513513513E+00    2.65923712526968E+03
    5.60274258760108E+00    2.66613221721490E+03
    5.58768145161290E+00    2.67309689562845E+03
    5.57270107238606E+00    2.68021948337898E+03
    5.55780080213904E+00    2.68562308157594E+03
    5.54298000000000E+00    2.69480882901474E+03
    5.52823803191489E+00    2.69978695115583E+03
    5.51357427055703E+00    2.70879853552420E+03
    5.49898809523810E+00    2.71368618224920E+03
    5.48447889182058E+00    2.72178248637993E+03
    5.47004605263158E+00    2.72739884767440E+03
    5.45568897637795E+00    2.73370366553650E+03
    5.44140706806283E+00    2.74067296971800E+03
    5.42719973890339E+00    2.74931572898689E+03
    5.41306640625000E+00    2.75646089220658E+03
    5.39900649350649E+00    2.76358708617299E+03
    5.38501943005181E+00    2.76827645469864E+03
    5.37110465116279E+00    2.77508077668405E+03
    5.35726159793814E+00    2.78194603748305E+03
    5.34348971722365E+00    2.79068244112953E+03
    5.32978846153846E+00    2.79708862140326E+03
    5.31615728900256E+00    2.80411738718295E+03
    5.30259566326531E+00    2.80922952337311E+03
    5.28910305343511E+00    2.81666634214663E+03
    5.27567893401015E+00    2.82472592340528E+03
    5.26232278481013E+00    2.83078054872069E+03
    5.24903409090909E+00    2.83858838489780E+03
    5.23581234256927E+00    2.84367540492519E+03
    5.22265703517588E+00    2.85053704313245E+03
    5.20956766917293E+00    2.85865900828386E+03
    5.19654375000000E+00    2.86405153931395E+03
    5.18358478802992E+00    2.87099083288409E+03
    5.17069029850746E+00    2.87941908152213E+03
    5.15785980148883E+00    2.88648318774628E+03
    5.14509282178218E+00    2.89105667517624E+03
    5.13238888888889E+00    2.90034014951708E+03
    5.11974753694581E+00    2.90685504386072E+03
    5.10716830466830E+00    2.91307794708772E+03
    5.09465073529412E+00    2.92019920165400E+03
    5.08219437652812E+00    2.92695608809354E+03
    5.06979878048780E+00    2.93185418305059E+03
    5.05746350364964E+00    2.93961098762264E+03
    5.04518810679612E+00    2.94611147395569E+03
    5.03297215496368E+00    2.95425239799278E+03
    5.02081521739130E+00    2.96010982747919E+03
    5.00871686746988E+00    2.96656184276676E+03
    4.99667668269231E+00    2.97518953150178E+03
    4.98469424460432E+00    2.98175632527128E+03
    4.97276913875598E+00    2.98689872369874E+03
    4.96090095465394E+00    2.99379914304335E+03
    4.94908928571428E+00    3.00095922397538E+03
    4.93733372921615E+00    3.00844578436477E+03
    4.92563388625592E+00    3.01383531701554E+03
    4.91398936170213E+00    3.02281732117619E+03
    4.90239976415094E+00    3.02971852113726E+03
    4.89086470588235E+00    3.03457640807915E+03
    4.87938380281690E+00    3.04178700680423E+03
    4.86795667447307E+00    3.04949490375043E+03
    4.85658294392523E+00    3.05452393873014E+03
    4.84526223776224E+00    3.06205377428488E+03
    4.83399418604651E+00    3.07001142567483E+03
    4.82277842227378E+00    3.07488828261086E+03
    4.81161458333333E+00    3.08168563355250E+03
    4.80050230946882E+00    3.08952799002757E+03
    4.78944124423963E+00    3.09661575811863E+03
    4.77843103448276E+00    3.10254522102527E+03
    4.76747133027523E+00    3.11073768401696E+03
    4.75656178489702E+00    3.11532273257915E+03
    4.74570205479452E+00    3.12240213623317E+03
    4.73489179954442E+00    3.13114760946245E+03
    4.72413068181818E+00    3.13601030112327E+03
    4.71341836734694E+00    3.14411015680117E+03
    4.70275452488688E+00    3.15072049830668E+03
    4.69213882618510E+00    3.15639458403304E+03
    4.68157094594595E+00    3.16408581016851E+03
    4.67105056179775E+00    3.17063336394286E+03
    4.66057735426009E+00    3.17703005287690E+03
    4.65015100671141E+00    3.18365817458100E+03
    4.63977120535714E+00    3.18934557133930E+03
    4.62943763919822E+00    3.19858397470666E+03
    4.61915000000000E+00    3.20462669832834E+03
    4.60890798226164E+00    3.21004319253006E+03
    4.59871128318584E+00    3.21896104575887E+03
    4.58855960264901E+00    3.22353730681303E+03
    4.57845264317181E+00    3.23208224684625E+03
    4.56839010989011E+00    3.23763032461169E+03
    4.55837171052632E+00    3.24368368646526E+03
    4.54839715536105E+00    3.25010905778894E+03
    4.53846615720524E+00    3.25853379350762E+03
    4.52857843137255E+00    3.26387535196683E+03
    4.51873369565217E+00    3.27002956801492E+03
    4.50893167028200E+00    3.27966122856694E+03
    4.49917207792208E+00    3.28649929545175E+03
    4.48945464362851E+00    3.29217481079961E+03
    4.47977909482759E+00    3.29882149580918E+03
    4.47014516129032E+00    3.30406882919654E+03
    4.46055257510730E+00    3.31337939935362E+03
    4.45100107066381E+00    3.31942491894134E+03
    4.44149038461538E+00    3.32592878624419E+03
    4.43202025586354E+00    3.33159916492646E+03
    4.42259042553192E+00    3.33828061004990E+03
    4.41320063694267E+00    3.34402250106743E+03
    4.40385063559322E+00    3.35279973830379E+03
    4.39454016913319E+00    3.35959100702546E+03
    4.38526898734177E+00    3.36562450869465E+03
    4.37603684210526E+00    3.37304890382690E+03
    4.36684348739496E+00    3.37752112955791E+03
    4.35768867924528E+00    3.38413948120073E+03
    4.34857217573222E+00    3.39162586186834E+03
    4.33949373695198E+00    3.39936087802745E+03
    4.33045312500000E+00    3.40544591913847E+03
    4.32145010395010E+00    3.41126035103804E+03
    4.31248443983402E+00    3.41897359015184E+03
    4.30355590062112E+00    3.42711107407997E+03
    4.29466425619835E+00    3.43397075528913E+03
    4.28580927835052E+00    3.43746875805796E+03
    4.27699074074074E+00    3.44666344415878E+03
    4.26820841889117E+00    3.45339572440469E+03
    4.25946209016393E+00    3.45882661837044E+03
    4.25075153374233E+00    3.46416016380928E+03
    4.24207653061224E+00    3.47132886427328E+03
    4.23343686354379E+00    3.47747500123275E+03
    4.22483231707317E+00    3.48498548679158E+03
    4.21626267748479E+00    3.49304231393154E+03
    4.20772773279352E+00    3.49887258068906E+03
    4.19922727272727E+00    3.50662163787890E+03
    4.19076108870968E+00    3.51398765630554E+03
    4.18232897384306E+00    3.51769246432611E+03
    4.17393072289157E+00    3.52688887739973E+03
    4.16556613226453E+00    3.53367207719658E+03
    4.15723500000000E+00    3.53785175130326E+03
    4.14893712574850E+00    3.54572722269152E+03
    4.14067231075697E+00    3.55222541705773E+03
    4.13244035785288E+00    3.55927393536615E+03
    4.12424107142857E+00    3.56727378232676E+03
    4.11607425742574E+00    3.57357339445747E+03
    4.10793972332016E+00    3.57755447870344E+03
    4.09983727810651E+00    3.58584073669421E+03
    4.09176673228346E+00    3.59352173555978E+03
    4.08372789783890E+00    3.60080377097045E+03
    4.07572058823529E+00    3.60620792115243E+03
    4.06774461839530E+00    3.61334965621470E+03
    4.05979980468750E+00    3.62037523921538E+03
    4.05188596491228E+00    3.62647945237403E+03
    4.04400291828794E+00    3.63297035896257E+03
    4.03615048543689E+00    3.64041815544145E+03
    4.02832848837209E+00    3.64572498930022E+03
    4.02053675048356E+00    3.65307255792656E+03
    4.01277509652510E+00    3.65759093257259E+03
    4.00504335260116E+00    3.66595135358752E+03
    3.99734134615385E+00    3.67079462510362E+03
    3.98966890595010E+00    3.68011758219329E+03
    3.98202586206896E+00    3.68588274285277E+03
    3.97441204588910E+00    3.69235730270879E+03
    3.96682729007634E+00    3.70008752509197E+03
    3.95927142857143E+00    3.70344237237483E+03
    3.95174429657795E+00    3.71356466022240E+03
    3.94424573055028E+00    3.71721443568801E+03
    3.93677556818182E+00    3.72545931817549E+03
    3.92933364839319E+00    3.73175048612256E+03
    3.92191981132075E+00    3.73717490194463E+03
    3.91453389830508E+00    3.74470667187686E+03
    3.90717575187970E+00    3.75033155265932E+03
    3.89984521575985E+00    3.75832825974400E+03
    3.89254213483146E+00    3.76521771581135E+03
    3.88526635514019E+00    3.77107172532214E+03
    3.87801772388060E+00    3.77913534524559E+03
    3.87079608938547E+00    3.78422199221547E+03
    3.86360130111524E+00    3.79076494059237E+03
    3.85643320964749E+00    3.79849937151769E+03
    3.84929166666667E+00    3.80537806685798E+03
    3.84217652495379E+00    3.80972822876560E+03
    3.83508763837638E+00    3.81836925547736E+03
    3.82802486187845E+00    3.82227996096219E+03
    3.82098805147059E+00    3.82894848671670E+03
    3.81397706422018E+00    3.83827009723128E+03
    3.80699175824176E+00    3.84268324685393E+03
    3.80003199268739E+00    3.85077588313064E+03
    3.79309762773723E+00    3.85608617709127E+03
    3.78618852459016E+00    3.86528466683186E+03
    3.77930454545454E+00    3.87130328155794E+03
    3.77244555353902E+00    3.87529545300309E+03
    3.76561141304348E+00    3.88416240392323E+03
    3.75880198915009E+00    3.88879946190638E+03
    3.75201714801444E+00    3.89655127447932E+03
    3.74525675675676E+00    3.90265758008933E+03
    3.73852068345324E+00    3.90763633461954E+03
    3.73180879712747E+00    3.91761193118276E+03
    3.72512096774194E+00    3.92234525222651E+03
    3.71845706618962E+00    3.92875017984574E+03
    3.71181696428571E+00    3.93737708351136E+03
    3.70520053475936E+00    3.94355601888632E+03
    3.69860765124555E+00    3.94984826536934E+03
    3.69203818827709E+00    3.95368525087351E+03
    3.68549202127660E+00    3.96025942231509E+03
    3.67896902654867E+00    3.96755613157631E+03
    3.67246908127208E+00    3.97669165593198E+03
    3.66599206349206E+00    3.98347776163403E+03
    3.65953785211268E+00    3.98812821789320E+03
    3.65310632688928E+00    3.99483218514561E+03
    3.64669736842105E+00    4.00142887523184E+03
    3.64031085814361E+00    4.00896319437623E+03
    3.63394667832168E+00    4.01297877588972E+03
    3.62760471204188E+00    4.02105076023540E+03
    3.62128484320557E+00    4.02761554792000E+03
    3.61498695652174E+00    4.03478226381472E+03
    3.60871093750000E+00    4.03936156384359E+03
    3.60245667244367E+00    4.04678418843846E+03
    3.59622404844291E+00    4.05473239386132E+03
    3.59001295336788E+00    4.05919509001953E+03
    3.58382327586207E+00    4.06508652054787E+03
    3.57765490533563E+00    4.07476570806309E+03
    3.57150773195876E+00    4.07852679822526E+03
    3.56538164665523E+00    4.08758842270885E+03
    3.55927654109589E+00    4.09220005019755E+03
    3.55319230769231E+00    4.10049321205871E+03
    3.54712883959044E+00    4.10724237085096E+03
    3.54108603066439E+00    4.11099633290144E+03
    3.53506377551020E+00    4.11905343760862E+03
    3.52906196943973E+00    4.12499861565548E+03
    3.52308050847458E+00    4.13207449751352E+03
    3.51711928934010E+00    4.13692408652875E+03
    3.51117820945946E+00    4.14329811707268E+03
    3.50525716694772E+00    4.15190660378239E+03
    3.49935606060606E+00    4.15815775188083E+03
    3.49347478991597E+00    4.16433534569567E+03
    3.48761325503356E+00    4.17150242973114E+03
    3.48177135678392E+00    4.17801808809500E+03
    3.47594899665552E+00    4.18389547710878E+03
    3.47014607679466E+00    4.19073797670181E+03
    3.46436250000000E+00    4.19634657496898E+03
    3.45859816971714E+00    4.20373402238299E+03
    3.45285299003322E+00    4.20917280095612E+03
    3.44712686567164E+00    4.21754837954715E+03
    3.44141970198675E+00    4.22220676830552E+03
    3.43573140495868E+00    4.22804106198233E+03
    3.43006188118812E+00    4.23567491444713E+03
    3.42441103789127E+00    4.24360037944000E+03
    3.41877878289474E+00    4.24889254768994E+03
    3.41316502463054E+00    4.25458623510275E+03
    3.40756967213115E+00    4.26156649757531E+03
    3.40199263502455E+00    4.26709451994709E+03
    3.39643382352941E+00    4.27475339847878E+03
    3.39089314845024E+00    4.27958207564217E+03
    3.38537052117264E+00    4.28949869577551E+03
    3.37986585365854E+00    4.29400328611422E+03
    3.37437905844156E+00    4.30228982101398E+03
    3.36891004862237E+00    4.30857222140205E+03
    3.36345873786408E+00    4.31378513434105E+03
    3.35802504038772E+00    4.31976017475102E+03
    3.35260887096774E+00    4.32652561502380E+03
    3.34721014492754E+00    4.33481982170044E+03
    3.34182877813505E+00    4.33794621640790E+03
    3.33646468699839E+00    4.34582596929459E+03
    3.33111778846154E+00    4.35041094410957E+03
    3.32578800000000E+00    4.35682361476440E+03
    3.32047523961661E+00    4.36602514474051E+03
    3.31517942583732E+00    4.37176948375326E+03
    3.30990047770701E+00    4.37678863969604E+03
    3.30463831478537E+00    4.38483726498970E+03
    3.29939285714286E+00    4.39189653529302E+03
    3.29416402535658E+00    4.39814335355464E+03
    3.28895174050633E+00    4.40365156119961E+03
    3.28375592417062E+00    4.41108021582162E+03
    3.27857649842271E+00    4.41625651642933E+03
    3.27341338582677E+00    4.42333779142004E+03
    3.26826650943396E+00    4.42904611279736E+03
    3.26313579277865E+00    4.43428540312667E+03
    3.25802115987461E+00    4.44307045725650E+03
    3.25292253521127E+00    4.45009516052180E+03
    3.24783984375000E+00    4.45496081998554E+03
    3.24277301092044E+00    4.46061559759176E+03
    3.23772196261682E+00    4.46983381324367E+03
    3.23268662519440E+00    4.47353523557387E+03
    3.22766692546584E+00    4.48189149579217E+03
    3.22266279069767E+00    4.48808808264398E+03
    3.21767414860681E+00    4.49385097089701E+03
    3.21270092735703E+00    4.50092084433229E+03
    3.20774305555556E+00    4.50781297270174E+03
    3.20280046224961E+00    4.51246709620156E+03
    3.19787307692308E+00    4.51780504462944E+03
    3.19296082949309E+00    4.52368069480206E+03
    3.18806365030675E+00    4.53011153073808E+03
    3.18318147013782E+00    4.53702074535990E+03
    3.17831422018349E+00    4.54313372818958E+03
    3.17346183206107E+00    4.55181230368911E+03
    3.16862423780488E+00    4.56002144938848E+03
    3.16380136986301E+00    4.56520233946433E+03
    3.15899316109422E+00    4.57104182884165E+03
    3.15419954476479E+00    4.57585702979271E+03
    3.14942045454545E+00    4.58355841671842E+03
    3.14465582450832E+00    4.58948708783575E+03
    3.13990558912387E+00    4.59517045002500E+03
    3.13516968325792E+00    4.60033925247835E+03
    3.13044804216867E+00    4.60991559504380E+03
    3.12574060150376E+00    4.61435631630292E+03
    3.12104729729730E+00    4.61990244280402E+03
    3.11636806596702E+00    4.63028734725091E+03
    3.11170284431138E+00    4.63642694942191E+03
    3.10705156950673E+00    4.64148030987727E+03
    3.10241417910448E+00    4.64800952823517E+03
    3.09779061102832E+00    4.65290584267805E+03
    3.09318080357143E+00    4.66164376747595E+03
    3.08858469539376E+00    4.66651642479236E+03
    3.08400222551929E+00    4.67461741578109E+03
    3.07943333333333E+00    4.68141376348299E+03
    3.07487795857988E+00    4.68644407893783E+03
    3.07033604135894E+00    4.69016841667793E+03
    3.06580752212389E+00    4.69816486487058E+03
    3.06129234167894E+00    4.70460689073071E+03
    3.05679044117647E+00    4.71245923246895E+03
    3.05230176211454E+00    4.71596954782893E+03
    3.04782624633431E+00    4.72251025160829E+03
    3.04336383601757E+00    4.73142965527818E+03
    3.03891447368421E+00    4.73544803107638E+03
    3.03447810218978E+00    4.74258764464935E+03
    3.03005466472303E+00    4.74972731733448E+03
    3.02564410480349E+00    4.75481077069128E+03
    3.02124636627907E+00    4.76058084064146E+03
    3.01686139332366E+00    4.76729677971337E+03
    3.01248913043478E+00    4.77477762022264E+03
    3.00812952243126E+00    4.78002393358237E+03
    3.00378251445087E+00    4.78555447777846E+03
    2.99944805194805E+00    4.79374223488354E+03
    2.99512608069164E+00    4.80072204540148E+03
    2.99081654676259E+00    4.80776990110722E+03
    2.98651939655172E+00    4.81137882988882E+03
    2.98223457675753E+00    4.81718907032384E+03
    2.97796203438395E+00    4.82483434176288E+03
    2.97370171673820E+00    4.83135977258006E+03
    2.96945357142857E+00    4.83702024977041E+03
    2.96521754636234E+00    4.84490007451148E+03
    2.96099358974359E+00    4.85069363917559E+03
    2.95678165007112E+00    4.85651829539713E+03
    2.95258167613636E+00    4.86556389559286E+03
    2.94839361702128E+00    4.86773016794643E+03
    2.94421742209632E+00    4.87517291908940E+03
    2.94005304101839E+00    4.88309547245313E+03
    2.93590042372881E+00    4.88942657658764E+03
    2.93175952045134E+00    4.89483142350583E+03
    2.92763028169014E+00    4.90024116667485E+03
    2.92351265822785E+00    4.90519847193712E+03
    2.91940660112360E+00    4.91170089177221E+03
    2.91531206171108E+00    4.91885626420420E+03
    2.91122899159664E+00    4.92560042778273E+03
    2.90715734265734E+00    4.93104998070738E+03
    2.90309706703911E+00    4.93724539844168E+03
    2.89904811715481E+00    4.94322130626251E+03
    2.89501044568245E+00    4.95017919131765E+03
    2.89098400556328E+00    4.96020541002839E+03
    2.88696875000000E+00    4.96467407967392E+03
    2.88296463245492E+00    4.96932514934312E+03
    2.87897160664820E+00    4.97470102321272E+03
    2.87498962655602E+00    4.98230679003978E+03
    2.87101864640884E+00    4.98888154087049E+03
    2.86705862068965E+00    4.99484641961364E+03
    2.86310950413223E+00    4.99971540972141E+03
    2.85917125171939E+00    5.00820479383848E+03
    2.85524381868132E+00    5.01670748694551E+03
    2.85132716049383E+00    5.02290805434619E+03
    2.84742123287671E+00    5.02604553686898E+03
    2.84352599179207E+00    5.03540632798382E+03
    2.83964139344262E+00    5.03724734457620E+03
    2.83576739427012E+00    5.04659017185788E+03
    2.83190395095368E+00    5.05022184456206E+03
    2.82805102040816E+00    5.05740945292852E+03
    2.82420855978261E+00    5.06603204770105E+03
    2.82037652645862E+00    5.07301198114759E+03
    2.81655487804878E+00    5.07566265511139E+03
    2.81274357239513E+00    5.08305530974129E+03
    2.80894256756757E+00    5.08967515315529E+03
    2.80515182186235E+00    5.09492044220609E+03
    2.80137129380054E+00    5.10159269695029E+03
    2.79760094212651E+00    5.10915985877188E+03
    2.79384072580645E+00    5.11587337965860E+03
    2.79009060402685E+00    5.11965470518522E+03
    2.78635053619303E+00    5.12613793363815E+03
    2.78262048192771E+00    5.13226749026179E+03
    2.77890040106952E+00    5.13923541919899E+03
    2.77519025367156E+00    5.14770232043518E+03
    2.77149000000000E+00    5.15346664778981E+03
    2.76779960053262E+00    5.16023080666574E+03
    2.76411901595745E+00    5.16316287866005E+03
    2.76044820717131E+00    5.17076852521437E+03
    2.75678713527851E+00    5.17553627137205E+03
    2.75313576158940E+00    5.18116669244945E+03
    2.74949404761905E+00    5.18965227661573E+03
    2.74586195508587E+00    5.19394980229880E+03
    2.74223944591029E+00    5.19980768110076E+03
    2.73862648221344E+00    5.20921477528924E+03
    2.73502302631579E+00    5.21710997427351E+03
    2.73142904073587E+00    5.21938752598805E+03
    2.72784448818898E+00    5.22868347373031E+03
    2.72426933158585E+00    5.23206135574813E+03
    2.72070353403141E+00    5.24184643961701E+03
    2.71714705882353E+00    5.24571543342200E+03
    2.71359986945170E+00    5.25261796410696E+03
    2.71006192959583E+00    5.25850465400131E+03
    2.70653320312500E+00    5.26505749741422E+03
    2.70301365409623E+00    5.27284188878494E+03
    2.69950324675325E+00    5.27900496995121E+03
    2.69600194552529E+00    5.28253761924032E+03
    2.69250971502591E+00    5.29140370971556E+03
    2.68902652005175E+00    5.29618481684201E+03
    2.68555232558140E+00    5.30355196524612E+03
    2.68208709677419E+00    5.30757503587908E+03
    2.67863079896907E+00    5.31362502137201E+03
    2.67518339768340E+00    5.31908163940786E+03
    2.67174485861183E+00    5.32656972448619E+03
    2.66831514762516E+00    5.33317645558299E+03
    2.66489423076923E+00    5.33976195870211E+03
    2.66148207426376E+00    5.34706034756533E+03
    2.65807864450128E+00    5.34946282793119E+03
    2.65468390804598E+00    5.35557077154069E+03
    2.65129783163265E+00    5.36464354790006E+03
    2.64792038216560E+00    5.37130689950470E+03
    2.64455152671756E+00    5.37734256186860E+03
    2.64119123252859E+00    5.38063245988111E+03
    2.63783946700508E+00    5.38812834000457E+03
    2.63449619771863E+00    5.39626798874100E+03
    2.63116139240506E+00    5.40020037044450E+03
    2.62783501896334E+00    5.40843416908013E+03
    2.62451704545455E+00    5.41451751187810E+03
    2.62120744010088E+00    5.42099585707218E+03
    2.61790617128463E+00    5.42689448257751E+03
    2.61461320754717E+00    5.43111362467031E+03
    2.61132851758794E+00    5.43815117010865E+03
    2.60805207026349E+00    5.44149472720954E+03
    2.60478383458647E+00    5.45195216434643E+03
    2.60152377972466E+00    5.45457026425975E+03
    2.59827187500000E+00    5.46057337308675E+03
    2.59502808988764E+00    5.47097763929818E+03
    2.59179239401496E+00    5.47305868013685E+03
    2.58856475716065E+00    5.48356894378319E+03
    2.58534514925373E+00    5.48782030582703E+03
    2.58213354037267E+00    5.49485848037008E+03
    2.57892990074442E+00    5.50096326575663E+03
    2.57573420074349E+00    5.50564724260501E+03
    2.57254641089109E+00    5.51332893856627E+03
    2.56936650185414E+00    5.51934898808441E+03
    2.56619444444444E+00    5.52154949206486E+03
    2.56303020961776E+00    5.53056220276633E+03
    2.55987376847291E+00    5.53386280165865E+03
    2.55672509225092E+00    5.54040599822083E+03
    2.55358415233415E+00    5.54709796136105E+03
    2.55045092024540E+00    5.55210626267161E+03
    2.54732536764706E+00    5.56288311670218E+03
    2.54420746634027E+00    5.56762906887667E+03
    2.54109718826406E+00    5.57314376704223E+03
    2.53799450549451E+00    5.57820194275206E+03
    2.53489939024390E+00    5.58383081280418E+03
    2.53181181485993E+00    5.58984688041983E+03
    2.52873175182482E+00    5.59914452092864E+03
    2.52565917375456E+00    5.60599853743169E+03
    2.52259405339806E+00    5.61054192437979E+03
    2.51953636363636E+00    5.61860554448777E+03
    2.51648607748184E+00    5.62329726296450E+03
    2.51344316807739E+00    5.63059724183020E+03
    2.51040760869565E+00    5.63326276097317E+03
    2.50737937273824E+00    5.64314498142514E+03
    2.50435843373494E+00    5.64453832844714E+03
    2.50134476534296E+00    5.65522524076283E+03
    2.49833834134615E+00    5.65830891540427E+03
    2.49533913565426E+00    5.66479520369016E+03
    2.49234712230216E+00    5.66992567638964E+03
    2.48936227544910E+00    5.67849386311318E+03
    2.48638456937799E+00    5.68468870033769E+03
    2.48341397849462E+00    5.68894598254251E+03
    2.48045047732697E+00    5.69561614621798E+03
    2.47749404052443E+00    5.70324269553631E+03
    2.47454464285714E+00    5.71008457876281E+03
    2.47160225921522E+00    5.71341698774606E+03
    2.46866686460808E+00    5.72176426741878E+03
    2.46573843416370E+00    5.72635956234000E+03
    2.46281694312796E+00    5.73217336839610E+03
    2.45990236686391E+00    5.74103716562872E+03
    2.45699468085106E+00    5.74309226857527E+03
    2.45409386068477E+00    5.75255809109340E+03
    2.45119988207547E+00    5.75494738471775E+03
    2.44831272084806E+00    5.76373891969278E+03
    2.44543235294118E+00    5.76681178489970E+03
    2.44255875440658E+00    5.77312728362116E+03
    2.43969190140845E+00    5.77912830164360E+03
    2.43683177022274E+00    5.78720906519169E+03
    2.43397833723653E+00    5.79484897471809E+03
    2.43113157894737E+00    5.79977985605011E+03
    2.42829147196262E+00    5.80329939931187E+03
    2.42545799299883E+00    5.80891880170013E+03
    2.42263111888112E+00    5.81497526534764E+03
    2.41981082654249E+00    5.82404471697000E+03
    2.41699709302326E+00    5.83165820572046E+03
    2.41418989547038E+00    5.83811384904394E+03
    2.41138921113689E+00    5.83999974254417E+03
    2.40859501738123E+00    5.84978490944800E+03
    2.40580729166667E+00    5.85412572843305E+03
    2.40302601156069E+00    5.86101367764823E+03
    2.40025115473441E+00    5.86333302495355E+03
    2.39748269896194E+00    5.87304095815890E+03
    2.39472062211982E+00    5.87761446989963E+03
    2.39196490218642E+00    5.88137951646525E+03
    2.38921551724138E+00    5.89164802150739E+03
    2.38647244546498E+00    5.89635719204051E+03
    2.38373566513761E+00    5.89959421685213E+03
    2.38100515463917E+00    5.90863980621481E+03
    2.37828089244851E+00    5.91265137202639E+03
    2.37556285714286E+00    5.91748079219804E+03
    2.37285102739726E+00    5.92819165911055E+03
    2.37014538198404E+00    5.93310801010840E+03
    2.36744589977221E+00    5.93800811234432E+03
    2.36475255972696E+00    5.94703217171884E+03
    2.36206534090909E+00    5.95146343507503E+03
    2.35938422247446E+00    5.95362304689731E+03
    2.35670918367347E+00    5.96469102496767E+03
    2.35404020385051E+00    5.96623535915892E+03
    2.35137726244344E+00    5.97633820119746E+03
    2.34872033898305E+00    5.98004946522176E+03
    2.34606941309255E+00    5.98615483060119E+03
    2.34342446448703E+00    5.99026629527611E+03
    2.34078547297297E+00    5.99737667545017E+03
    2.33815241844769E+00    6.00217560193787E+03
    2.33552528089888E+00    6.01166412603312E+03
    2.33290404040404E+00    6.01874927415953E+03
    2.33028867713004E+00    6.02031009979013E+03
    2.32767917133259E+00    6.02574453654377E+03
    2.32507550335570E+00    6.03574672308466E+03
    2.32247765363128E+00    6.04188211809244E+03
    2.31988560267857E+00    6.04661479095329E+03
    2.31729933110368E+00    6.05030033344831E+03
    2.31471881959911E+00    6.05995832071500E+03
    2.31214404894327E+00    6.06554027055397E+03
    2.30957500000000E+00    6.06976125212616E+03
    2.30701165371809E+00    6.07521181553613E+03
    2.30445399113082E+00    6.07969123789854E+03
    2.30190199335548E+00    6.08816181021451E+03
    2.29935564159292E+00    6.09269666096122E+03
    2.29681491712707E+00    6.10276482682996E+03
    2.29427980132450E+00    6.10846022954304E+03
    2.29175027563396E+00    6.10976384260487E+03
    2.28922632158590E+00    6.11639888360227E+03
    2.28670792079208E+00    6.12234779821437E+03
    2.28419505494505E+00    6.13194132151089E+03
    2.28168770581778E+00    6.13868818877146E+03
    2.27918585526316E+00    6.14496135033108E+03
    2.27668948521358E+00    6.14917267213396E+03
    2.27419857768052E+00    6.15680004376390E+03
    2.27171311475410E+00    6.15808217390866E+03
    2.26923307860262E+00    6.16457231848176E+03
    2.26675845147219E+00    6.17241690653891E+03
    2.26428921568627E+00    6.18135533736756E+03
    2.26182535364527E+00    6.18317929091649E+03
    2.25936684782609E+00    6.18964711094242E+03
    2.25691368078176E+00    6.19877618007715E+03
    2.25446583514100E+00    6.20468862918929E+03
    2.25202329360780E+00    6.20900838205599E+03
    2.24958603896104E+00    6.21694502025712E+03
    2.24715405405405E+00    6.22148315134518E+03
    2.24472732181425E+00    6.22849736088461E+03
    2.24230582524272E+00    6.23430119891882E+03
    2.23988954741379E+00    6.23619084282302E+03
    2.23747847147470E+00    6.24416316766468E+03
    2.23507258064516E+00    6.25173526139683E+03
    2.23267185821697E+00    6.25838380730507E+03
    2.23027628755365E+00    6.26454839283342E+03
    2.22788585209003E+00    6.26485746606579E+03
    2.22550053533191E+00    6.27235688540069E+03
    2.22312032085561E+00    6.28193953899066E+03
    2.22074519230769E+00    6.28597819810443E+03
    2.21837513340448E+00    6.28916337256030E+03
    2.21601012793177E+00    6.29704973803627E+03
    2.21365015974441E+00    6.30514521112367E+03
    2.21129521276596E+00    6.31050401189345E+03
    2.20894527098831E+00    6.31837156216064E+03
    2.20660031847134E+00    6.32277337569669E+03
    2.20426033934252E+00    6.32941425142525E+03
    2.20192531779661E+00    6.33221768600274E+03
    2.19959523809524E+00    6.33925002258986E+03
    2.19727008456660E+00    6.34307344361054E+03
    2.19494984160507E+00    6.34923170217883E+03
    2.19263449367089E+00    6.35947548164482E+03
    2.19032402528978E+00    6.36473469781403E+03
    2.18801842105263E+00    6.37076834681148E+03
    2.18571766561514E+00    6.37745611389363E+03
    2.18342174369748E+00    6.37938770272259E+03
    2.18113064008395E+00    6.38773948506779E+03
    2.17884433962264E+00    6.39003991589603E+03
    2.17656282722513E+00    6.39825893906626E+03
    2.17428608786611E+00    6.40120552043922E+03
    2.17201410658307E+00    6.41263133931314E+03
    2.16974686847599E+00    6.41359525417648E+03
    2.16748435870699E+00    6.41988963961156E+03
    2.16522656250000E+00    6.42558111745718E+03
    2.16297346514048E+00    6.43232823149249E+03
    2.16072505197505E+00    6.43822357112086E+03
    2.15848130841121E+00    6.44445508241747E+03
    2.15624221991701E+00    6.45012968528039E+03
    2.15400777202073E+00    6.45669143450288E+03
    2.15177795031056E+00    6.46605930360360E+03
    2.14955274043433E+00    6.47142869356488E+03
    2.14733212809917E+00    6.47364636056166E+03
    2.14511609907121E+00    6.48037789353861E+03
    2.14290463917526E+00    6.48410489058949E+03
    2.14069773429454E+00    6.49052719485396E+03
    2.13849537037037E+00    6.49753541747046E+03
    2.13629753340185E+00    6.50204523476481E+03
    2.13410420944559E+00    6.51243333092337E+03
    2.13191538461538E+00    6.51442850578925E+03
    2.12973104508197E+00    6.52511837926424E+03
    2.12755117707267E+00    6.52793266023549E+03
    2.12537576687117E+00    6.53284329874472E+03
    2.12320480081716E+00    6.54054229769335E+03
    2.12103826530612E+00    6.54816475495916E+03
    2.11887614678899E+00    6.54834625956699E+03
    2.11671843177189E+00    6.55752604405181E+03
    2.11456510681587E+00    6.56431521805700E+03
    2.11241615853659E+00    6.56624263694680E+03
    2.11027157360406E+00    6.57654697350720E+03
    2.10813133874239E+00    6.58004469335396E+03
    2.10599544072948E+00    6.58959675689118E+03
    2.10386386639676E+00    6.59547971835130E+03
    2.10173660262892E+00    6.59829739511840E+03
    2.09961363636364E+00    6.60343038594426E+03
    2.09749495459132E+00    6.61107631376332E+03
    2.09538054435484E+00    6.61576927176797E+03
    2.09327039274924E+00    6.62280933195008E+03
    2.09116448692153E+00    6.62532813489317E+03
    2.08906281407035E+00    6.63213337839768E+03
    2.08696536144578E+00    6.63845399995501E+03
    2.08487211634905E+00    6.64484669140072E+03
    2.08278306613226E+00    6.65032560980418E+03
    2.08069819819820E+00    6.65988694904630E+03
    2.07861750000000E+00    6.66500827841585E+03
