Xe, Dieterici eos, values of parameters a and b are close to those in Table 12
Dieterici
   10. 0.001
temp  200.000 K
cm^3/mol torr
    1.66289400000000E+05    7.48596258080795E+01
    1.51172181818182E+05    8.23976721489656E+01
    1.38574500000000E+05    8.98374087218402E+01
    1.27914923076923E+05    9.73278575165478E+01
    1.18778142857143E+05    1.04754666919929E+02
    1.10859600000000E+05    1.12242772057167E+02
    1.03930875000000E+05    1.19697536186818E+02
    9.78172941176471E+04    1.27177940758407E+02
    9.23830000000000E+04    1.34626582445711E+02
    8.75207368421053E+04    1.42148305145929E+02
    8.31447000000000E+04    1.49547129915186E+02
    7.91854285714286E+04    1.57048600889401E+02
    7.55860909090909E+04    1.64513220766901E+02
    7.22997391304348E+04    1.71897036134028E+02
    6.92872500000000E+04    1.79281764441563E+02
    6.65157600000000E+04    1.86816016659270E+02
    6.39574615384615E+04    1.94132406320857E+02
    6.15886666666667E+04    2.01681671082192E+02
    5.93890714285714E+04    2.09057340427620E+02
    5.73411724137931E+04    2.16483336149249E+02
    5.54298000000000E+04    2.23838002212067E+02
    5.36417419354839E+04    2.31250531995549E+02
    5.19654375000000E+04    2.38725428542796E+02
    5.03907272727273E+04    2.46291421430628E+02
    4.89086470588235E+04    2.53564152582799E+02
    4.75112571428571E+04    2.60979393037938E+02
    4.61915000000000E+04    2.68367330580816E+02
    4.49430810810811E+04    2.75749214330204E+02
    4.37603684210526E+04    2.83168095050351E+02
    4.26383076923077E+04    2.90737905191755E+02
    4.15723500000000E+04    2.98159198542416E+02
    4.05583902439024E+04    3.05570116413410E+02
    3.95927142857143E+04    3.12871117905001E+02
    3.86719534883721E+04    3.20248650257917E+02
    3.77930454545455E+04    3.27858189873260E+02
    3.69532000000000E+04    3.35176447233346E+02
    3.61498695652174E+04    3.42515186378519E+02
    3.53807234042553E+04    3.50003251821909E+02
    3.46436250000000E+04    3.57354698497693E+02
    3.39366122448980E+04    3.64756604148523E+02
    3.32578800000000E+04    3.72160420308197E+02
    3.26057647058824E+04    3.79445601642450E+02
    3.19787307692308E+04    3.86816440297972E+02
    3.13753584905660E+04    3.93999687036251E+02
    3.07943333333333E+04    4.01408927023058E+02
    3.02344363636364E+04    4.08788262248427E+02
    2.96945357142857E+04    4.16081022648571E+02
    2.91735789473684E+04    4.23754292019228E+02
    2.86705862068966E+04    4.31105533674644E+02
    2.81846440677966E+04    4.38368752539376E+02
    2.77149000000000E+04    4.45595898673170E+02
    2.72605573770492E+04    4.53194377735161E+02
    2.68208709677419E+04    4.60638470773559E+02
    2.63951428571429E+04    4.67692171195492E+02
    2.59827187500000E+04    4.75136920699169E+02
    2.55829846153846E+04    4.82261584141824E+02
    2.51953636363636E+04    4.89686547181820E+02
    2.48193134328358E+04    4.97173323237528E+02
    2.44543235294118E+04    5.04590615534439E+02
    2.40999130434783E+04    5.11757746294926E+02
    2.37556285714286E+04    5.19194778595942E+02
    2.34210422535211E+04    5.26264627433751E+02
    2.30957500000000E+04    5.33582266036085E+02
    2.27793698630137E+04    5.40911040733094E+02
    2.24715405405405E+04    5.48649118859764E+02
    2.21719200000000E+04    5.55738582058456E+02
    2.18801842105263E+04    5.63325146233011E+02
    2.15960259740260E+04    5.70580088314318E+02
    2.13191538461538E+04    5.77505954603220E+02
    2.10492911392405E+04    5.84935519840473E+02
    2.07861750000000E+04    5.92263801018576E+02
    2.05295555555556E+04    5.99675576697418E+02
    2.02791951219512E+04    6.06837886115754E+02
    2.00348674698795E+04    6.14577370905361E+02
    1.97963571428571E+04    6.21921128564411E+02
    1.95634588235294E+04    6.28993530737832E+02
    1.93359767441860E+04    6.36433743445600E+02
    1.91137241379310E+04    6.43712955397499E+02
    1.88965227272727E+04    6.51130842914667E+02
    1.86842022471910E+04    6.58227660088393E+02
    1.84766000000000E+04    6.65328394697756E+02
    1.82735604395604E+04    6.72366178167374E+02
    1.80749347826087E+04    6.79999674068345E+02
    1.78805806451613E+04    6.86942485733138E+02
    1.76903617021277E+04    6.94223110877913E+02
    1.75041473684211E+04    7.01767751690280E+02
    1.73218125000000E+04    7.09193254397460E+02
    1.71432371134021E+04    7.16687450400872E+02
    1.69683061224490E+04    7.23579929270553E+02
    1.67969090909091E+04    7.30905174715116E+02
    1.66289400000000E+04    7.37883439328504E+02
    1.64642970297030E+04    7.45613896751387E+02
    1.63028823529412E+04    7.52426712581390E+02
    1.61446019417476E+04    7.60097569806064E+02
    1.59893653846154E+04    7.66887518568887E+02
    1.58370857142857E+04    7.74344330894638E+02
    1.56876792452830E+04    7.81804402307418E+02
    1.55410654205607E+04    7.88578454955252E+02
    1.53971666666667E+04    7.96331591060175E+02
    1.52559082568807E+04    8.03618415227795E+02
    1.51172181818182E+04    8.10625863659079E+02
    1.49810270270270E+04    8.17485878561148E+02
    1.48472678571429E+04    8.24871301465515E+02
    1.47158761061947E+04    8.32438538865045E+02
    1.45867894736842E+04    8.39164700560897E+02
    1.44599478260870E+04    8.47128235817831E+02
    1.43352931034483E+04    8.54366837898328E+02
    1.42127692307692E+04    8.61543903123127E+02
    1.40923220338983E+04    8.68701637452525E+02
    1.39738991596639E+04    8.75590653778688E+02
    1.38574500000000E+04    8.83237295275328E+02
    1.37429256198347E+04    8.89804515511916E+02
    1.36302786885246E+04    8.97285815855944E+02
    1.35194634146341E+04    9.04894874740011E+02
    1.34104354838710E+04    9.12221248308927E+02
    1.33031520000000E+04    9.18719232533877E+02
    1.31975714285714E+04    9.26325793230732E+02
    1.30936535433071E+04    9.33594311192893E+02
    1.29913593750000E+04    9.40114139269404E+02
    1.28906511627907E+04    9.48098837449099E+02
    1.27914923076923E+04    9.54498496115326E+02
    1.26938473282443E+04    9.62060041803576E+02
    1.25976818181818E+04    9.69095628677484E+02
    1.25029624060150E+04    9.76665937814753E+02
    1.24096567164179E+04    9.83506575982675E+02
    1.23177333333333E+04    9.90536547938310E+02
    1.22271617647059E+04    9.97901709491579E+02
    1.21379124087591E+04    1.00507450708584E+03
    1.20499565217391E+04    1.01260936621386E+03
    1.19632661870504E+04    1.01977017151547E+03
    1.18778142857143E+04    1.02657238153986E+03
    1.17935744680851E+04    1.03420455654564E+03
    1.17105211267606E+04    1.04141747476992E+03
    1.16286293706294E+04    1.04874309929926E+03
    1.15478750000000E+04    1.05561718648534E+03
    1.14682344827586E+04    1.06269165186458E+03
    1.13896849315069E+04    1.06931655259964E+03
    1.13122040816327E+04    1.07715604861139E+03
    1.12357702702703E+04    1.08455516328536E+03
    1.11603624161074E+04    1.09143005040242E+03
    1.10859600000000E+04    1.09838750018423E+03
    1.10125430463576E+04    1.10544162242429E+03
    1.09400921052632E+04    1.11255748507851E+03
    1.08685882352941E+04    1.12012593508765E+03
    1.07980129870130E+04    1.12720862307927E+03
    1.07283483870968E+04    1.13378029896283E+03
    1.06595769230769E+04    1.14141368613017E+03
    1.05916815286624E+04    1.14821679201434E+03
    1.05246455696203E+04    1.15495585962302E+03
    1.04584528301887E+04    1.16208987607135E+03
    1.03930875000000E+04    1.16925060819203E+03
    1.03285341614907E+04    1.17707377311595E+03
    1.02647777777778E+04    1.18347013884646E+03
    1.02018036809816E+04    1.19093098476104E+03
    1.01395975609756E+04    1.19856030677941E+03
    1.00781454545455E+04    1.20553171234785E+03
    1.00174337349398E+04    1.21276820236499E+03
    9.95744910179641E+03    1.21926621368579E+03
    9.89817857142857E+03    1.22622805695163E+03
    9.83960946745562E+03    1.23395078536810E+03
    9.78172941176471E+03    1.24078804233307E+03
    9.72452631578947E+03    1.24737562955711E+03
    9.66798837209302E+03    1.25446674048194E+03
    9.61210404624278E+03    1.26167072062254E+03
    9.55686206896552E+03    1.26858986237385E+03
    9.50225142857143E+03    1.27612654209364E+03
    9.44826136363636E+03    1.28360497379424E+03
    9.39488135593220E+03    1.29056639162521E+03
    9.34210112359550E+03    1.29756870338997E+03
    9.28991061452514E+03    1.30512793648636E+03
    9.23830000000000E+03    1.31232239176499E+03
    9.18725966850829E+03    1.31922521496796E+03
    9.13678021978022E+03    1.32625567740620E+03
    9.08685245901639E+03    1.33259257600698E+03
    9.03746739130435E+03    1.33989845372887E+03
    8.98861621621622E+03    1.34693045284438E+03
    8.94029032258064E+03    1.35373834271069E+03
    8.89248128342246E+03    1.36078931203717E+03
    8.84518085106383E+03    1.36802355360917E+03
    8.79838095238095E+03    1.37478190517408E+03
    8.75207368421053E+03    1.38276803877750E+03
    8.70625130890052E+03    1.39009957508186E+03
    8.66090625000000E+03    1.39620257180856E+03
    8.61603108808290E+03    1.40327144469820E+03
    8.57161855670103E+03    1.41076973312684E+03
    8.52766153846154E+03    1.41786932418191E+03
    8.48415306122449E+03    1.42524616153516E+03
    8.44108629441624E+03    1.43099552448820E+03
    8.39845454545455E+03    1.43868780019147E+03
    8.35625125628141E+03    1.44554556863207E+03
    8.31447000000000E+03    1.45311732500650E+03
    8.27310447761194E+03    1.45954533909022E+03
    8.23214851485149E+03    1.46631527617245E+03
    8.19159605911330E+03    1.47344026591133E+03
    8.15144117647059E+03    1.48091144425394E+03
    8.11167804878049E+03    1.48785902797696E+03
    8.07230097087379E+03    1.49542840260926E+03
    8.03330434782609E+03    1.50157369293319E+03
    7.99468269230769E+03    1.50938286534890E+03
    7.95643062200957E+03    1.51649329890092E+03
    7.91854285714286E+03    1.52307803855894E+03
    7.88101421800948E+03    1.52960862281131E+03
    7.84383962264151E+03    1.53747602497697E+03
    7.80701408450704E+03    1.54458042191460E+03
    7.77053271028037E+03    1.55070318538066E+03
    7.73439069767442E+03    1.55781106692572E+03
    7.69858333333333E+03    1.56567112861593E+03
    7.66310599078341E+03    1.57197155720403E+03
    7.62795412844037E+03    1.57913888128152E+03
    7.59312328767123E+03    1.58546324049948E+03
    7.55860909090909E+03    1.59254192694972E+03
    7.52440723981900E+03    1.60012077230928E+03
    7.49051351351351E+03    1.60762229433327E+03
    7.45692376681614E+03    1.61415736155220E+03
    7.42363392857143E+03    1.62081612885462E+03
    7.39064000000000E+03    1.62833199106263E+03
    7.35793805309734E+03    1.63450660160400E+03
    7.32552422907489E+03    1.64144299242311E+03
    7.29339473684211E+03    1.64921716540794E+03
    7.26154585152838E+03    1.65580243666997E+03
    7.22997391304348E+03    1.66294546253318E+03
    7.19867532467533E+03    1.66884340873141E+03
    7.16764655172414E+03    1.67695848258276E+03
    7.13688412017167E+03    1.68383371730396E+03
    7.10638461538462E+03    1.69096638300004E+03
    7.07614468085106E+03    1.69798759573456E+03
    7.04616101694915E+03    1.70460430357292E+03
    7.01643037974684E+03    1.71177466758533E+03
    6.98694957983193E+03    1.71784249526833E+03
    6.95771548117155E+03    1.72492845826832E+03
    6.92872500000000E+03    1.73284103394351E+03
    6.89997510373444E+03    1.73969719865510E+03
    6.87146280991736E+03    1.74566575158718E+03
    6.84318518518519E+03    1.75340058465412E+03
    6.81513934426230E+03    1.76065010126681E+03
    6.78732244897959E+03    1.76703413004351E+03
    6.75973170731707E+03    1.77332856171414E+03
    6.73236437246963E+03    1.78045430953194E+03
    6.70521774193548E+03    1.78776693825867E+03
    6.67828915662651E+03    1.79547358214420E+03
    6.65157600000000E+03    1.80191328354805E+03
    6.62507569721116E+03    1.80833268776702E+03
    6.59878571428571E+03    1.81569138344680E+03
    6.57270355731225E+03    1.82160079796716E+03
    6.54682677165354E+03    1.82995666103849E+03
    6.52115294117647E+03    1.83542180148746E+03
    6.49567968750000E+03    1.84385515047636E+03
    6.47040466926070E+03    1.84919319728940E+03
    6.44532558139535E+03    1.85597526909602E+03
    6.42044015444015E+03    1.86293393294418E+03
    6.39574615384615E+03    1.87083817293237E+03
    6.37124137931035E+03    1.87667166560532E+03
    6.34692366412214E+03    1.88413195057645E+03
    6.32279087452472E+03    1.89076064822163E+03
    6.29884090909091E+03    1.89761963346123E+03
    6.27507169811321E+03    1.90532762181499E+03
    6.25148120300752E+03    1.91171293887115E+03
    6.22806741573034E+03    1.91845658761498E+03
    6.20482835820896E+03    1.92576498008264E+03
    6.18176208178439E+03    1.93227834071719E+03
    6.15886666666667E+03    1.94020371647030E+03
    6.13614022140221E+03    1.94697822730813E+03
    6.11358088235294E+03    1.95283561620266E+03
    6.09118681318681E+03    1.96056028635585E+03
    6.06895620437956E+03    1.96649962897474E+03
    6.04688727272727E+03    1.97399950266095E+03
    6.02497826086957E+03    1.97980331355168E+03
    6.00322743682310E+03    1.98657684620649E+03
    5.98163309352518E+03    1.99465400133515E+03
    5.96019354838710E+03    2.00153535161432E+03
    5.93890714285714E+03    2.00765084576396E+03
    5.91777224199288E+03    2.01544579703103E+03
    5.89678723404255E+03    2.02087826275533E+03
    5.87595053003534E+03    2.02927406787346E+03
    5.85526056338028E+03    2.03530637340317E+03
    5.83471578947368E+03    2.04319368908257E+03
    5.81431468531469E+03    2.04967996326351E+03
    5.79405574912892E+03    2.05686971039730E+03
    5.77393750000000E+03    2.06323316338050E+03
    5.75395847750865E+03    2.07039368410117E+03
    5.73411724137931E+03    2.07695689542183E+03
    5.71441237113402E+03    2.08237176694368E+03
    5.69484246575343E+03    2.08975117092814E+03
    5.67540614334471E+03    2.09750653311235E+03
    5.65610204081633E+03    2.10298170941149E+03
    5.63692881355932E+03    2.11005375435378E+03
    5.61788513513513E+03    2.11643051932478E+03
    5.59896969696970E+03    2.12414700577222E+03
    5.58018120805369E+03    2.13083483380202E+03
    5.56151839464883E+03    2.13805605513367E+03
    5.54298000000000E+03    2.14557633969741E+03
    5.52456478405316E+03    2.15146048700577E+03
    5.50627152317881E+03    2.15846877157724E+03
    5.48809900990099E+03    2.16423607563105E+03
    5.47004605263158E+03    2.17104385933741E+03
    5.45211147540984E+03    2.17830100395195E+03
    5.43429411764706E+03    2.18546204064248E+03
    5.41659283387622E+03    2.19194724205918E+03
    5.39900649350649E+03    2.19918249463865E+03
    5.38153398058252E+03    2.20528741578976E+03
    5.36417419354839E+03    2.21239131202673E+03
    5.34692604501608E+03    2.21941498529296E+03
    5.32978846153846E+03    2.22584353918558E+03
    5.31276038338658E+03    2.23349216612617E+03
    5.29584076433121E+03    2.23946720332222E+03
    5.27902857142857E+03    2.24672733039951E+03
    5.26232278481013E+03    2.25383957859772E+03
    5.24572239747634E+03    2.25941646316983E+03
    5.22922641509434E+03    2.26600548873001E+03
    5.21283385579937E+03    2.27260655255431E+03
    5.19654375000000E+03    2.27926000913838E+03
    5.18035514018692E+03    2.28767669296640E+03
    5.16426708074534E+03    2.29278989036588E+03
    5.14827863777090E+03    2.29959999189075E+03
    5.13238888888889E+03    2.30839551460497E+03
    5.11659692307692E+03    2.31293062472521E+03
    5.10090184049080E+03    2.32091247757880E+03
    5.08530275229358E+03    2.32774251970290E+03
    5.06979878048780E+03    2.33512317031567E+03
    5.05438905775076E+03    2.34080782268981E+03
    5.03907272727273E+03    2.34680297279936E+03
    5.02384894259819E+03    2.35406469047357E+03
    5.00871686746988E+03    2.36126796215663E+03
    4.99367567567568E+03    2.36812344913018E+03
    4.97872455089820E+03    2.37377989041852E+03
    4.96386268656716E+03    2.38090874085985E+03
    4.94908928571429E+03    2.38872725035171E+03
    4.93440356083086E+03    2.39423867237413E+03
    4.91980473372781E+03    2.40120988242417E+03
    4.90529203539823E+03    2.40932038463429E+03
    4.89086470588235E+03    2.41537122834931E+03
    4.87652199413490E+03    2.42083416553714E+03
    4.86226315789474E+03    2.42795430282207E+03
    4.84808746355685E+03    2.43457735401972E+03
    4.83399418604651E+03    2.44297280283977E+03
    4.81998260869565E+03    2.44875713978039E+03
    4.80605202312139E+03    2.45641370071713E+03
    4.79220172910663E+03    2.46105479649897E+03
    4.77843103448276E+03    2.46846732849948E+03
    4.76473925501433E+03    2.47432223663504E+03
    4.75112571428571E+03    2.48179440071668E+03
    4.73758974358974E+03    2.48930476211628E+03
    4.72413068181818E+03    2.49497231920657E+03
    4.71074787535411E+03    2.50181003975874E+03
    4.69744067796610E+03    2.50761270041427E+03
    4.68420845070423E+03    2.51595718165200E+03
    4.67105056179775E+03    2.52126209858723E+03
    4.65796638655462E+03    2.52858265437448E+03
    4.64495530726257E+03    2.53608733001208E+03
    4.63201671309192E+03    2.54308469858005E+03
    4.61915000000000E+03    2.54928814917158E+03
    4.60635457063712E+03    2.55617164711744E+03
    4.59362983425414E+03    2.56349034282966E+03
    4.58097520661157E+03    2.56794852706621E+03
    4.56839010989011E+03    2.57627994108595E+03
    4.55587397260274E+03    2.58112931324094E+03
    4.54342622950820E+03    2.58809192637705E+03
    4.53104632152589E+03    2.59557796005064E+03
    4.51873369565217E+03    2.60120892301187E+03
    4.50648780487805E+03    2.60763514466180E+03
    4.49430810810811E+03    2.61624098898399E+03
    4.48219407008086E+03    2.62230785210724E+03
    4.47014516129032E+03    2.62929364892358E+03
    4.45816085790885E+03    2.63627898618091E+03
    4.44624064171123E+03    2.64235772110687E+03
    4.43438400000000E+03    2.64769327383170E+03
    4.42259042553191E+03    2.65460940487136E+03
    4.41085941644562E+03    2.66153914979117E+03
    4.39919047619048E+03    2.66800654427055E+03
    4.38758311345646E+03    2.67400402140492E+03
    4.37603684210526E+03    2.68295564833029E+03
    4.36455118110236E+03    2.68809299959691E+03
    4.35312565445026E+03    2.69430043896485E+03
    4.34175979112272E+03    2.70095461712661E+03
    4.33045312500000E+03    2.70935526412764E+03
    4.31920519480519E+03    2.71397548628931E+03
    4.30801554404145E+03    2.72096317917633E+03
    4.29688372093023E+03    2.72842219251245E+03
    4.28580927835052E+03    2.73533471225580E+03
    4.27479177377892E+03    2.74102586882522E+03
    4.26383076923077E+03    2.74710813516584E+03
    4.25292583120205E+03    2.75469700252636E+03
    4.24207653061224E+03    2.76094359001384E+03
    4.23128244274809E+03    2.76879503392413E+03
    4.22054314720812E+03    2.77313552679122E+03
    4.20985822784810E+03    2.78048209198900E+03
    4.19922727272727E+03    2.78830939582460E+03
    4.18864987405542E+03    2.79455785429063E+03
    4.17812562814070E+03    2.80200172064934E+03
    4.16765413533835E+03    2.80851637771204E+03
    4.15723500000000E+03    2.81410538314949E+03
    4.14686783042394E+03    2.82163339958284E+03
    4.13655223880597E+03    2.82593179687218E+03
    4.12628784119107E+03    2.83477036616523E+03
    4.11607425742574E+03    2.84131087515078E+03
    4.10591111111111E+03    2.84831838527237E+03
    4.09579802955665E+03    2.85267460978508E+03
    4.08573464373464E+03    2.86128204830824E+03
    4.07572058823529E+03    2.86666689321055E+03
    4.06575550122249E+03    2.87213426251993E+03
    4.05583902439024E+03    2.87977046079561E+03
    4.04597080291971E+03    2.88659393583789E+03
    4.03615048543689E+03    2.89354700513654E+03
    4.02637772397094E+03    2.89968185874617E+03
    4.01665217391304E+03    2.90498091936286E+03
    4.00697349397590E+03    2.91276252269091E+03
    3.99734134615385E+03    2.91993894773070E+03
    3.98775539568345E+03    2.92577933286855E+03
    3.97821531100478E+03    2.93273296442662E+03
    3.96872076372315E+03    2.93887647412188E+03
    3.95927142857143E+03    2.94542238416790E+03
    3.94986698337292E+03    2.95174293458649E+03
    3.94050710900474E+03    2.95754421953163E+03
    3.93119148936170E+03    2.96625540612613E+03
    3.92191981132075E+03    2.97249119589987E+03
    3.91269176470588E+03    2.97780779159024E+03
    3.90350704225352E+03    2.98410369661894E+03
    3.89436533957845E+03    2.99090877482975E+03
    3.88526635514019E+03    2.99873120473383E+03
    3.87620979020979E+03    3.00271765560986E+03
    3.86719534883721E+03    3.01180474724128E+03
    3.85822273781903E+03    3.01785541391884E+03
    3.84929166666667E+03    3.02217032429968E+03
    3.84040184757506E+03    3.03058123946959E+03
    3.83155299539170E+03    3.03606005483608E+03
    3.82274482758621E+03    3.04465632898139E+03
    3.81397706422018E+03    3.05068535658958E+03
    3.80524942791762E+03    3.05556039169692E+03
    3.79656164383562E+03    3.06416950904945E+03
    3.78791343963554E+03    3.06854927702747E+03
    3.77930454545455E+03    3.07500792803093E+03
    3.77073469387755E+03    3.08218568706078E+03
    3.76220361990950E+03    3.08923961891959E+03
    3.75371106094808E+03    3.09543845385441E+03
    3.74525675675676E+03    3.10016689870478E+03
    3.73684044943820E+03    3.10731213016283E+03
    3.72846188340807E+03    3.11350596437857E+03
    3.72012080536913E+03    3.12050567883244E+03
    3.71181696428571E+03    3.12914237940570E+03
    3.70355011135857E+03    3.13300855111387E+03
    3.69532000000000E+03    3.13921840634775E+03
    3.68712638580931E+03    3.14678640949213E+03
    3.67896902654867E+03    3.15259500134184E+03
    3.67084768211921E+03    3.15946648101784E+03
    3.66276211453745E+03    3.16636155025102E+03
    3.65471208791209E+03    3.17146439340455E+03
    3.64669736842105E+03    3.17929453329124E+03
    3.63871772428884E+03    3.18641518843204E+03
    3.63077292576419E+03    3.19334117608372E+03
    3.62286274509804E+03    3.19758710761434E+03
    3.61498695652174E+03    3.20596175916149E+03
    3.60714533622560E+03    3.21160811105146E+03
    3.59933766233766E+03    3.21684371983462E+03
    3.59156371490281E+03    3.22489892801190E+03
    3.58382327586207E+03    3.23070960603042E+03
    3.57611612903226E+03    3.23874825406985E+03
    3.56844206008584E+03    3.24436746784970E+03
    3.56080085653105E+03    3.25013623812401E+03
    3.55319230769231E+03    3.25650436644107E+03
    3.54561620469083E+03    3.26256806219420E+03
    3.53807234042553E+03    3.27010908062590E+03
    3.53056050955414E+03    3.27570493824455E+03
    3.52308050847458E+03    3.28310500575210E+03
    3.51563213530655E+03    3.28997543161495E+03
    3.50821518987342E+03    3.29642078757602E+03
    3.50082947368421E+03    3.30251402976278E+03
    3.49347478991597E+03    3.30686223969125E+03
    3.48615094339623E+03    3.31455857716584E+03
    3.47885774058577E+03    3.31980903128839E+03
    3.47159498956159E+03    3.32604112678878E+03
    3.46436250000000E+03    3.33480799107991E+03
    3.45716008316008E+03    3.33881079226399E+03
    3.44998755186722E+03    3.34597740234513E+03
    3.44284472049689E+03    3.35372013365859E+03
    3.43573140495868E+03    3.35974667916946E+03
    3.42864742268041E+03    3.36569875786388E+03
    3.42159259259259E+03    3.37169387245250E+03
    3.41456673511294E+03    3.37947767115928E+03
    3.40756967213115E+03    3.38609592373645E+03
    3.40060122699387E+03    3.38998351270091E+03
    3.39366122448980E+03    3.39670158761757E+03
    3.38674949083503E+03    3.40504965041371E+03
    3.37986585365854E+03    3.41169592781609E+03
    3.37301014198783E+03    3.41690571524368E+03
    3.36618218623482E+03    3.42217787335475E+03
    3.35938181818182E+03    3.42880517318197E+03
    3.35260887096774E+03    3.43575136611271E+03
    3.34586317907445E+03    3.44311895537365E+03
    3.33914457831325E+03    3.45014913280609E+03
    3.33245290581162E+03    3.45375256193772E+03
    3.32578800000000E+03    3.46060045448954E+03
    3.31914970059880E+03    3.46651292998678E+03
    3.31253784860558E+03    3.47281811969355E+03
    3.30595228628231E+03    3.47946182766270E+03
    3.29939285714286E+03    3.48720076444481E+03
    3.29285940594059E+03    3.49320945347022E+03
    3.28635177865613E+03    3.49865305663867E+03
    3.27986982248521E+03    3.50690391350991E+03
    3.27341338582677E+03    3.51176050795676E+03
    3.26698231827112E+03    3.51823697715844E+03
    3.26057647058824E+03    3.52602689570530E+03
    3.25419569471624E+03    3.53035596685558E+03
    3.24783984375000E+03    3.53774905438835E+03
    3.24150877192982E+03    3.54591775281957E+03
    3.23520233463035E+03    3.54957939309752E+03
    3.22892038834951E+03    3.55616745298898E+03
    3.22266279069767E+03    3.56457868078182E+03
    3.21642940038685E+03    3.57034700356815E+03
    3.21022007722008E+03    3.57663207113605E+03
    3.20403468208092E+03    3.58328963386120E+03
    3.19787307692308E+03    3.58824301797489E+03
    3.19173512476008E+03    3.59502620902390E+03
    3.18562068965517E+03    3.60101670612062E+03
    3.17952963671128E+03    3.60872352268256E+03
    3.17346183206107E+03    3.61297826724125E+03
    3.16741714285714E+03    3.61998930851650E+03
    3.16139543726236E+03    3.62544185726703E+03
    3.15539658444023E+03    3.63192546152820E+03
    3.14942045454545E+03    3.63960609572582E+03
    3.14346691871456E+03    3.64527909286828E+03
    3.13753584905660E+03    3.65102688840577E+03
    3.13162711864407E+03    3.65709996582003E+03
    3.12574060150376E+03    3.66533555866644E+03
    3.11987617260788E+03    3.66944551632220E+03
    3.11403370786517E+03    3.67738139020040E+03
    3.10821308411215E+03    3.68498944676311E+03
    3.10241417910448E+03    3.69065341870011E+03
    3.09663687150838E+03    3.69750357461503E+03
    3.09088104089219E+03    3.70295127022404E+03
    3.08514656771800E+03    3.70724486069430E+03
    3.07943333333333E+03    3.71503479401993E+03
    3.07374121996303E+03    3.72044628920643E+03
    3.06807011070111E+03    3.72679680979650E+03
    3.06241988950276E+03    3.73274595835290E+03
    3.05679044117647E+03    3.73862161716308E+03
    3.05118165137615E+03    3.74608577170571E+03
    3.04559340659341E+03    3.75245641478732E+03
    3.04002559414991E+03    3.75990369453442E+03
    3.03447810218978E+03    3.76356086250927E+03
    3.02895081967213E+03    3.77202898650186E+03
    3.02344363636364E+03    3.77833127304628E+03
    3.01795644283122E+03    3.78255508704102E+03
    3.01248913043478E+03    3.78902217384005E+03
    3.00704159132007E+03    3.79664395610313E+03
    3.00161371841155E+03    3.80349570769249E+03
    2.99620540540541E+03    3.81000089638904E+03
    2.99081654676259E+03    3.81360150376668E+03
    2.98544703770197E+03    3.82284913745230E+03
    2.98009677419355E+03    3.82820917706027E+03
    2.97476565295170E+03    3.83391029891365E+03
    2.96945357142857E+03    3.84021277562488E+03
    2.96416042780749E+03    3.84582922908850E+03
    2.95888612099644E+03    3.85381855816492E+03
    2.95363055062167E+03    3.85863620518508E+03
    2.94839361702128E+03    3.86451977176886E+03
    2.94317522123894E+03    3.87215080197599E+03
    2.93797526501767E+03    3.87721930042583E+03
    2.93279365079365E+03    3.88269863415727E+03
    2.92763028169014E+03    3.88836947899222E+03
    2.92248506151142E+03    3.89593816235247E+03
    2.91735789473684E+03    3.90265746467888E+03
    2.91224868651489E+03    3.90889953884278E+03
    2.90715734265734E+03    3.91419292719471E+03
    2.90208376963351E+03    3.92090013035217E+03
    2.89702787456446E+03    3.92584632471358E+03
    2.89198956521739E+03    3.93244139980636E+03
    2.88696875000000E+03    3.94041040067603E+03
    2.88196533795494E+03    3.94771763767100E+03
    2.87697923875433E+03    3.95266046224589E+03
    2.87201036269430E+03    3.95957055346125E+03
    2.86705862068966E+03    3.96468583423855E+03
    2.86212392426850E+03    3.97238731815939E+03
    2.85720618556701E+03    3.97586928814220E+03
    2.85230531732419E+03    3.98488457504967E+03
    2.84742123287671E+03    3.99111144326337E+03
    2.84255384615385E+03    3.99476596706032E+03
    2.83770307167236E+03    4.00139032112985E+03
    2.83286882453152E+03    4.00809799778665E+03
    2.82805102040816E+03    4.01442797447709E+03
    2.82324957555178E+03    4.01837456797731E+03
    2.81846440677966E+03    4.02753806897882E+03
    2.81369543147208E+03    4.03101632613562E+03
    2.80894256756757E+03    4.03929446815054E+03
    2.80420573355818E+03    4.04445708421851E+03
    2.79948484848485E+03    4.04951375794140E+03
    2.79477983193277E+03    4.05585631930048E+03
    2.79009060402685E+03    4.06165131374811E+03
    2.78541708542714E+03    4.06947254811708E+03
    2.78075919732441E+03    4.07463327282917E+03
    2.77611686143573E+03    4.08077615733144E+03
    2.77149000000000E+03    4.09028072777264E+03
    2.76687853577371E+03    4.09474313321462E+03
    2.76228239202658E+03    4.09945759365487E+03
    2.75770149253731E+03    4.10737484571782E+03
    2.75313576158940E+03    4.11423447547904E+03
    2.74858512396694E+03    4.11847164612805E+03
    2.74404950495050E+03    4.12642823641318E+03
    2.73952883031301E+03    4.13251724682407E+03
    2.73502302631579E+03    4.13714076222440E+03
    2.73053201970443E+03    4.14210879794090E+03
    2.72605573770492E+03    4.14845278769163E+03
    2.72159410801964E+03    4.15511514856128E+03
    2.71714705882353E+03    4.16163200111262E+03
    2.71271451876020E+03    4.16910579952432E+03
    2.70829641693811E+03    4.17327213609399E+03
    2.70389268292683E+03    4.17950372978684E+03
    2.69950324675325E+03    4.18556708907701E+03
    2.69512803889789E+03    4.19076020125492E+03
    2.69076699029126E+03    4.19785056179967E+03
    2.68642003231018E+03    4.20589364995571E+03
    2.68208709677419E+03    4.21201493056100E+03
    2.67776811594203E+03    4.21580102262085E+03
    2.67346302250804E+03    4.22473817560548E+03
    2.66917174959872E+03    4.23089481659495E+03
    2.66489423076923E+03    4.23692540432740E+03
    2.66063040000000E+03    4.24296539576322E+03
    2.65638019169329E+03    4.24582448390128E+03
    2.65214354066986E+03    4.25508194377864E+03
    2.64792038216561E+03    4.25838304138695E+03
    2.64371065182830E+03    4.26595706593652E+03
    2.63951428571429E+03    4.27347787748677E+03
    2.63533122028526E+03    4.27754971518629E+03
    2.63116139240506E+03    4.28551656440201E+03
    2.62700473933649E+03    4.28953499266911E+03
    2.62286119873817E+03    4.29768607219943E+03
    2.61873070866142E+03    4.30323625901633E+03
    2.61461320754717E+03    4.30788999687219E+03
    2.61050863422292E+03    4.31584543345149E+03
    2.60641692789969E+03    4.31976467081058E+03
    2.60233802816901E+03    4.32517837779309E+03
    2.59827187500000E+03    4.33282891891140E+03
    2.59421840873635E+03    4.33742375514261E+03
    2.59017757009346E+03    4.34736804263854E+03
    2.58614930015552E+03    4.35088003624530E+03
    2.58213354037267E+03    4.35586955553080E+03
    2.57813023255814E+03    4.36237623630233E+03
    2.57413931888545E+03    4.36788232550986E+03
    2.57016074188563E+03    4.37429905680733E+03
    2.56619444444444E+03    4.38344178791238E+03
    2.56224036979969E+03    4.38812718372780E+03
    2.55829846153846E+03    4.39537050759187E+03
    2.55436866359447E+03    4.40119655564748E+03
    2.55045092024540E+03    4.40624772819786E+03
    2.54654517611026E+03    4.41011028968361E+03
    2.54265137614679E+03    4.41641220385385E+03
    2.53876946564886E+03    4.42314507986039E+03
    2.53489939024390E+03    4.42882912899363E+03
    2.53104109589041E+03    4.43828930118313E+03
    2.52719452887538E+03    4.44190361066406E+03
    2.52335963581184E+03    4.44795670203698E+03
    2.51953636363636E+03    4.45400215294718E+03
    2.51572465960666E+03    4.46060788115072E+03
    2.51192447129909E+03    4.46446183565638E+03
    2.50813574660633E+03    4.47359700075725E+03
    2.50435843373494E+03    4.47773030494294E+03
    2.50059248120301E+03    4.48343038986258E+03
    2.49683783783784E+03    4.48819075732261E+03
    2.49309445277361E+03    4.49648000641210E+03
    2.48936227544910E+03    4.50253073591248E+03
    2.48564125560538E+03    4.50753051873033E+03
    2.48193134328358E+03    4.51504699722791E+03
    2.47823248882265E+03    4.51965145405819E+03
    2.47454464285714E+03    4.52789531066034E+03
    2.47086775631501E+03    4.53188732650102E+03
    2.46720178041543E+03    4.53674868353707E+03
    2.46354666666667E+03    4.54433474033559E+03
    2.45990236686391E+03    4.54950312262803E+03
    2.45626883308715E+03    4.55633853278631E+03
    2.45264601769911E+03    4.56462685626188E+03
    2.44903387334315E+03    4.57057810421770E+03
    2.44543235294118E+03    4.57462148172516E+03
    2.44184140969163E+03    4.58105466495657E+03
    2.43826099706745E+03    4.58462419441407E+03
    2.43469106881406E+03    4.59237999144221E+03
    2.43113157894737E+03    4.59726767807080E+03
    2.42758248175182E+03    4.60619254346934E+03
    2.42404373177843E+03    4.61230396102229E+03
    2.42051528384279E+03    4.61496862459088E+03
    2.41699709302326E+03    4.62160040975445E+03
    2.41348911465893E+03    4.62632682679355E+03
    2.40999130434783E+03    4.63334763587290E+03
    2.40650361794501E+03    4.64062210049059E+03
    2.40302601156069E+03    4.64497257244395E+03
    2.39955844155844E+03    4.65257605045722E+03
    2.39610086455331E+03    4.65920371106703E+03
    2.39265323741007E+03    4.66558285173855E+03
    2.38921551724138E+03    4.66967007653215E+03
    2.38578766140603E+03    4.67720872211627E+03
    2.38236962750716E+03    4.68078213770757E+03
    2.37896137339056E+03    4.68897705531335E+03
    2.37556285714286E+03    4.69436371063284E+03
    2.37217403708987E+03    4.70136882422154E+03
    2.36879487179487E+03    4.70436249054604E+03
    2.36542532005690E+03    4.71360135434380E+03
    2.36206534090909E+03    4.71852590210482E+03
    2.35871489361702E+03    4.72593547773487E+03
    2.35537393767705E+03    4.73116732341306E+03
    2.35204243281471E+03    4.73617292643121E+03
    2.34872033898305E+03    4.74053439500509E+03
    2.34540761636107E+03    4.74668099392924E+03
    2.34210422535211E+03    4.75179245085614E+03
    2.33881012658228E+03    4.75828559361201E+03
    2.33552528089888E+03    4.76751971146184E+03
    2.33224964936886E+03    4.76982499287604E+03
    2.32898319327731E+03    4.77687034952559E+03
    2.32572587412587E+03    4.78246370076543E+03
    2.32247765363128E+03    4.78984238807424E+03
    2.31923849372385E+03    4.79568775865065E+03
    2.31600835654596E+03    4.80014464045505E+03
    2.31278720445063E+03    4.80757415526697E+03
    2.30957500000000E+03    4.81504374513507E+03
    2.30637170596394E+03    4.81913976138463E+03
    2.30317728531856E+03    4.82583279408441E+03
    2.29999170124481E+03    4.83080320708584E+03
    2.29681491712707E+03    4.83806544514663E+03
    2.29364689655172E+03    4.84092718100823E+03
    2.29048760330578E+03    4.84769053383602E+03
    2.28733700137552E+03    4.85505445309967E+03
    2.28419505494506E+03    4.86070258220081E+03
    2.28106172839506E+03    4.86810793276147E+03
    2.27793698630137E+03    4.86963225334592E+03
    2.27482079343365E+03    4.87857737898164E+03
    2.27171311475410E+03    4.88172965784962E+03
    2.26861391541610E+03    4.88714733174458E+03
    2.26552316076294E+03    4.89386107403363E+03
    2.26244081632653E+03    4.89962025178602E+03
    2.25936684782609E+03    4.90592927762498E+03
    2.25630122116689E+03    4.91296253058602E+03
    2.25324390243902E+03    4.91834667898614E+03
    2.25019485791610E+03    4.92710437392572E+03
    2.24715405405405E+03    4.93170495044551E+03
    2.24412145748988E+03    4.93499115372608E+03
    2.24109703504043E+03    4.94261777625139E+03
    2.23808075370121E+03    4.94742605453546E+03
    2.23507258064516E+03    4.95618157268338E+03
    2.23207248322148E+03    4.95920777383831E+03
    2.22908042895442E+03    4.96537604384752E+03
    2.22609638554217E+03    4.97408959477959E+03
    2.22312032085561E+03    4.97662787998097E+03
    2.22015220293725E+03    4.98298249369322E+03
    2.21719200000000E+03    4.99018381728966E+03
    2.21423968042610E+03    4.99736940045198E+03
    2.21129521276596E+03    5.00320944561776E+03
    2.20835856573705E+03    5.00754573091033E+03
    2.20542970822281E+03    5.01416393018197E+03
    2.20250860927152E+03    5.02085966794616E+03
    2.19959523809524E+03    5.02683820038937E+03
    2.19668956406869E+03    5.02922433081163E+03
    2.19379155672823E+03    5.03621154295185E+03
    2.19090118577075E+03    5.04429567175471E+03
    2.18801842105263E+03    5.04774437242159E+03
    2.18514323258870E+03    5.05410510964231E+03
    2.18227559055118E+03    5.06002196132507E+03
    2.17941546526868E+03    5.06535239584218E+03
    2.17656282722513E+03    5.07040817749923E+03
    2.17371764705882E+03    5.07848858827819E+03
    2.17087989556136E+03    5.08089313643699E+03
    2.16804954367666E+03    5.08777153533894E+03
    2.16522656250000E+03    5.09306548089410E+03
    2.16241092327698E+03    5.10111349849545E+03
    2.15960259740260E+03    5.10410353453094E+03
    2.15680155642023E+03    5.11408113674864E+03
    2.15400777202073E+03    5.12024609629551E+03
    2.15122121604140E+03    5.12612810189805E+03
    2.14844186046512E+03    5.12855281910764E+03
    2.14566967741935E+03    5.13446259897996E+03
    2.14290463917526E+03    5.14258594826668E+03
    2.14014671814672E+03    5.14671754574171E+03
    2.13739588688946E+03    5.15398972442041E+03
    2.13465211810013E+03    5.15713068858220E+03
    2.13191538461538E+03    5.16626578709270E+03
    2.12918565941101E+03    5.16804369133416E+03
    2.12646291560102E+03    5.17656286031846E+03
    2.12374712643678E+03    5.18015032861706E+03
    2.12103826530612E+03    5.18875593753400E+03
    2.11833630573248E+03    5.19217748069434E+03
    2.11564122137405E+03    5.20148118550530E+03
    2.11295298602287E+03    5.20647697890651E+03
    2.11027157360406E+03    5.20990295167100E+03
    2.10759695817491E+03    5.21529196808413E+03
    2.10492911392405E+03    5.22124375430869E+03
    2.10226801517067E+03    5.22564313345581E+03
    2.09961363636364E+03    5.23369514589222E+03
    2.09696595208071E+03    5.23758821096707E+03
    2.09432493702771E+03    5.24757089604562E+03
    2.09169056603774E+03    5.25264940623222E+03
    2.08906281407035E+03    5.25762471438759E+03
    2.08644165621079E+03    5.26341852545820E+03
    2.08382706766917E+03    5.27028843834802E+03
    2.08121902377972E+03    5.27235302848674E+03
    2.07861750000000E+03    5.27944196439781E+03
    2.07602247191011E+03    5.28437194721118E+03
    2.07343391521197E+03    5.29136212431606E+03
    2.07085180572852E+03    5.29818472959405E+03
    2.06827611940299E+03    5.30479326904027E+03
    2.06570683229814E+03    5.30619687399028E+03
    2.06314392059553E+03    5.31536394205453E+03
    2.06058736059480E+03    5.31911089047287E+03
    2.05803712871287E+03    5.32411365892815E+03
    2.05549320148331E+03    5.33274039174797E+03
    2.05295555555556E+03    5.33821273861739E+03
    2.05042416769420E+03    5.34336710455082E+03
    2.04789901477832E+03    5.34985149243702E+03
    2.04538007380074E+03    5.35496651302077E+03
    2.04286732186732E+03    5.36049872379793E+03
    2.04036073619632E+03    5.36574880397438E+03
    2.03786029411765E+03    5.37150766344140E+03
    2.03536597307222E+03    5.37970205197638E+03
    2.03287775061125E+03    5.38325847355720E+03
    2.03039560439560E+03    5.39012540374701E+03
    2.02791951219512E+03    5.39543964720370E+03
    2.02544945188794E+03    5.40136029700677E+03
    2.02298540145985E+03    5.40410618845996E+03
    2.02052733900365E+03    5.41143250674124E+03
    2.01807524271845E+03    5.41946885803877E+03
    2.01562909090909E+03    5.42571292393724E+03
    2.01318886198547E+03    5.42948149218327E+03
    2.01075453446191E+03    5.43669098753332E+03
    2.00832608695652E+03    5.44255402022412E+03
    2.00590349819059E+03    5.44373808356411E+03
    2.00348674698795E+03    5.45297815130861E+03
    2.00107581227437E+03    5.45581286381887E+03
    1.99867067307692E+03    5.46332416944470E+03
    1.99627130852341E+03    5.47005888294392E+03
    1.99387769784173E+03    5.47645356508749E+03
    1.99148982035928E+03    5.48155104296402E+03
    1.98910765550239E+03    5.48521635535272E+03
    1.98673118279570E+03    5.49379889782757E+03
    1.98436038186157E+03    5.49617020901313E+03
    1.98199523241955E+03    5.50238777199153E+03
    1.97963571428571E+03    5.50931045751259E+03
    1.97728180737218E+03    5.51390484714202E+03
    1.97493349168646E+03    5.51784478843022E+03
    1.97259074733096E+03    5.52307383289837E+03
    1.97025355450237E+03    5.52961152737917E+03
    1.96792189349112E+03    5.53499262206682E+03
    1.96559574468085E+03    5.54466050304100E+03
    1.96327508854782E+03    5.55067912543180E+03
    1.96095990566038E+03    5.55197361285795E+03
    1.95865017667844E+03    5.55886149247250E+03
    1.95634588235294E+03    5.56410212787648E+03
    1.95404700352526E+03    5.56810306986378E+03
    1.95175352112676E+03    5.57930570856215E+03
    1.94946541617819E+03    5.58459014818895E+03
    1.94718266978923E+03    5.58593406990158E+03
    1.94490526315789E+03    5.59608579186327E+03
    1.94263317757009E+03    5.60032789717544E+03
    1.94036639439907E+03    5.60515058325271E+03
    1.93810489510490E+03    5.60856931959833E+03
    1.93584866123399E+03    5.61836546505783E+03
    1.93359767441860E+03    5.62160490522192E+03
    1.93135191637631E+03    5.62736308393438E+03
    1.92911136890951E+03    5.63250876165646E+03
    1.92687601390498E+03    5.64112055175757E+03
    1.92464583333333E+03    5.64690265765706E+03
    1.92242080924855E+03    5.64840513670484E+03
    1.92020092378753E+03    5.65285083425508E+03
    1.91798615916955E+03    5.66102523338190E+03
    1.91577649769585E+03    5.66904114685897E+03
    1.91357192174914E+03    5.67011968859393E+03
    1.91137241379310E+03    5.68080193926937E+03
    1.90917795637199E+03    5.68239587726567E+03
    1.90698853211009E+03    5.68809712652921E+03
    1.90480412371134E+03    5.69514106410300E+03
    1.90262471395881E+03    5.69989854633879E+03
    1.90045028571429E+03    5.70341151178878E+03
    1.89828082191781E+03    5.71064202446302E+03
    1.89611630558723E+03    5.71899185891471E+03
    1.89395671981777E+03    5.72125802654909E+03
    1.89180204778157E+03    5.73140588621641E+03
    1.88965227272727E+03    5.73407517069636E+03
    1.88750737797957E+03    5.73983275694837E+03
    1.88536734693878E+03    5.74325072968190E+03
    1.88323216308041E+03    5.75243212419135E+03
    1.88110180995475E+03    5.75784033040095E+03
    1.87897627118644E+03    5.76259806132780E+03
    1.87685553047404E+03    5.76981467978713E+03
    1.87473957158963E+03    5.77348735208305E+03
    1.87262837837838E+03    5.77983731539289E+03
    1.87052193475816E+03    5.78163608704956E+03
    1.86842022471910E+03    5.78794681539659E+03
    1.86632323232323E+03    5.79522026436670E+03
    1.86423094170404E+03    5.80383058648913E+03
    1.86214333706607E+03    5.80854644269629E+03
    1.86006040268456E+03    5.81089609577208E+03
    1.85798212290503E+03    5.82068974496745E+03
    1.85590848214286E+03    5.82289201186450E+03
    1.85383946488294E+03    5.82674285472398E+03
    1.85177505567929E+03    5.83702055049178E+03
    1.84971523915462E+03    5.84127881659831E+03
    1.84766000000000E+03    5.84417957361314E+03
    1.84560932297447E+03    5.84902552267165E+03
    1.84356319290466E+03    5.85877991449259E+03
    1.84152159468439E+03    5.86054023166430E+03
    1.83948451327434E+03    5.86714008016105E+03
    1.83745193370166E+03    5.87173054877734E+03
    1.83542384105960E+03    5.87833719076884E+03
    1.83340022050717E+03    5.88395409406160E+03
    1.83138105726872E+03    5.88734992243705E+03
    1.82936633663366E+03    5.89714727126985E+03
    1.82735604395604E+03    5.89901202896022E+03
    1.82535016465423E+03    5.90528897974051E+03
    1.82334868421053E+03    5.91070322445207E+03
    1.82135158817087E+03    5.91555046777519E+03
    1.81935886214442E+03    5.92162578200537E+03
    1.81737049180328E+03    5.93000447789251E+03
    1.81538646288210E+03    5.93516956913170E+03
    1.81340676117775E+03    5.93869495895753E+03
    1.81143137254902E+03    5.94376967578729E+03
    1.80946028291621E+03    5.95171309541514E+03
    1.80749347826087E+03    5.95790203849494E+03
    1.80553094462541E+03    5.96489858566682E+03
    1.80357266811280E+03    5.96899008219125E+03
    1.80161863488624E+03    5.97407852390673E+03
    1.79966883116883E+03    5.97798246009269E+03
    1.79772324324324E+03    5.98481282989949E+03
    1.79578185745140E+03    5.99078335679103E+03
    1.79384466019417E+03    5.99352895924482E+03
    1.79191163793103E+03    6.00119593695106E+03
    1.78998277717976E+03    6.00835416475766E+03
    1.78805806451613E+03    6.01284435672024E+03
    1.78613748657358E+03    6.01517584712224E+03
    1.78422103004292E+03    6.02212404890409E+03
    1.78230868167203E+03    6.02647990913559E+03
    1.78040042826552E+03    6.03605151582954E+03
    1.77849625668449E+03    6.03656765825463E+03
    1.77659615384615E+03    6.04325816373728E+03
    1.77470010672359E+03    6.04860849353237E+03
    1.77280810234542E+03    6.05533078223114E+03
    1.77092012779553E+03    6.06292638102206E+03
    1.76903617021277E+03    6.06632376046311E+03
    1.76715621679065E+03    6.07225795089521E+03
    1.76528025477707E+03    6.08082472995776E+03
    1.76340827147402E+03    6.08049791037840E+03
    1.76154025423729E+03    6.08655705077996E+03
    1.75967619047619E+03    6.09661481891267E+03
    1.75781606765328E+03    6.09922054389797E+03
    1.75595987328405E+03    6.10768547589807E+03
    1.75410759493671E+03    6.11226399826087E+03
    1.75225922023182E+03    6.11882313934954E+03
    1.75041473684211E+03    6.11918569753545E+03
    1.74857413249211E+03    6.12653835953228E+03
    1.74673739495798E+03    6.13085258725826E+03
    1.74490451206716E+03    6.13851852384148E+03
    1.74307547169811E+03    6.14246454567128E+03
    1.74125026178010E+03    6.14908741442214E+03
    1.73942887029289E+03    6.15365815784999E+03
    1.73761128526646E+03    6.16213586923687E+03
    1.73579749478079E+03    6.16411942579860E+03
    1.73398748696559E+03    6.17143846920908E+03
    1.73218125000000E+03    6.17567395644518E+03
    1.73037877211238E+03    6.18408873663750E+03
    1.72858004158004E+03    6.18825010406116E+03
    1.72678504672897E+03    6.19186585503085E+03
    1.72499377593361E+03    6.19958459288619E+03
    1.72320621761658E+03    6.20101217048978E+03
    1.72142236024845E+03    6.20931963765911E+03
    1.71964219234747E+03    6.21684170582459E+03
    1.71786570247934E+03    6.22001926733713E+03
    1.71609287925697E+03    6.22624276952771E+03
    1.71432371134021E+03    6.23357454109280E+03
    1.71255818743563E+03    6.23511191603951E+03
    1.71079629629630E+03    6.24206162420040E+03
    1.70903802672148E+03    6.24981853376509E+03
    1.70728336755647E+03    6.25472262699221E+03
    1.70553230769231E+03    6.25622137119209E+03
    1.70378483606557E+03    6.26345576021302E+03
    1.70204094165814E+03    6.27018267429333E+03
    1.70030061349693E+03    6.27114267284421E+03
    1.69856384065373E+03    6.27688726997172E+03
    1.69683061224490E+03    6.28278044708369E+03
    1.69510091743119E+03    6.29322265585860E+03
    1.69337474541752E+03    6.29488467738003E+03
    1.69165208545270E+03    6.29917365248934E+03
    1.68993292682927E+03    6.30544930474029E+03
    1.68821725888325E+03    6.31046257084475E+03
    1.68650507099391E+03    6.31526754891499E+03
    1.68479635258359E+03    6.32480153979449E+03
    1.68309109311741E+03    6.33057221488004E+03
    1.68138928210313E+03    6.33473642510922E+03
    1.67969090909091E+03    6.34081493158263E+03
    1.67799596367306E+03    6.34224958610737E+03
    1.67630443548387E+03    6.35164399994901E+03
    1.67461631419940E+03    6.35287425712012E+03
    1.67293158953722E+03    6.35832202115116E+03
    1.67125025125628E+03    6.36517756421055E+03
    1.66957228915663E+03    6.37142372617016E+03
    1.66789769307924E+03    6.37526741140054E+03
    1.66622645290581E+03    6.37937543189398E+03
    1.66455855855856E+03    6.38648995236335E+03
    1.66289400000000E+03    6.39456259789369E+03
