Water, Berthelot eos, values of parameters a and b are close to those in Table 12
berthelot
10000.000000    0.001
temp  300.000 K
L/mol atm
    4.98868200000000E+01    4.88971087641441E-01
    4.89086470588235E+01    4.98501688360276E-01
    4.79680961538462E+01    5.08223983983816E-01
    4.70630377358491E+01    5.17980367146034E-01
    4.61915000000000E+01    5.27970826292051E-01
    4.53516545454545E+01    5.37207104041270E-01
    4.45418035714286E+01    5.47171714871669E-01
    4.37603684210526E+01    5.56780891299134E-01
    4.30058793103448E+01    5.66374400695355E-01
    4.22769661016949E+01    5.75954110967775E-01
    4.15723500000000E+01    5.85942481188991E-01
    4.08908360655738E+01    5.95734572300744E-01
    4.02313064516129E+01    6.05045158604037E-01
    3.95927142857143E+01    6.14723535610336E-01
    3.89740781250000E+01    6.24504171054855E-01
    3.83744769230769E+01    6.34193589950433E-01
    3.77930454545455E+01    6.43755296189934E-01
    3.72289701492537E+01    6.53609102419487E-01
    3.66814852941176E+01    6.62840936596727E-01
    3.61498695652174E+01    6.72667428872550E-01
    3.56334428571429E+01    6.82386692041735E-01
    3.51315633802817E+01    6.92137823855939E-01
    3.46436250000000E+01    7.01611280185246E-01
    3.41690547945205E+01    7.10851538322975E-01
    3.37073108108108E+01    7.20371429566021E-01
    3.32578800000000E+01    7.30534750596907E-01
    3.28202763157895E+01    7.39670490578742E-01
    3.23940389610390E+01    7.49516262642770E-01
    3.19787307692308E+01    7.59345161001879E-01
    3.15739367088608E+01    7.68269946721110E-01
    3.11792625000000E+01    7.78563097931724E-01
    3.07943333333333E+01    7.87871208409660E-01
    3.04187926829268E+01    7.97173132461590E-01
    3.00523012048193E+01    8.07188636588608E-01
    2.96945357142857E+01    8.16709559506660E-01
    2.93451882352941E+01    8.26120566107597E-01
    2.90039651162791E+01    8.35814381599620E-01
    2.86705862068966E+01    8.45112195577614E-01
    2.83447840909091E+01    8.54883995084366E-01
    2.80263033707865E+01    8.64425216906414E-01
    2.77149000000000E+01    8.74224344681764E-01
    2.74103406593407E+01    8.83114270806775E-01
    2.71124021739130E+01    8.93258651571801E-01
    2.68208709677419E+01    9.02454400453273E-01
    2.65355425531915E+01    9.12128841723736E-01
    2.62562210526316E+01    9.21253835120232E-01
    2.59827187500000E+01    9.31359543828556E-01
    2.57148556701031E+01    9.40759862411052E-01
    2.54524591836735E+01    9.50166167051387E-01
    2.51953636363636E+01    9.59737912046535E-01
    2.49434100000000E+01    9.68779161816754E-01
    2.46964455445545E+01    9.78840425412125E-01
    2.44543235294118E+01    9.87946709832746E-01
    2.42169029126214E+01    9.97309888928972E-01
    2.39840480769231E+01    1.00708906773521E+00
    2.37556285714286E+01    1.01693657465450E+00
    2.35315188679245E+01    1.02664593911549E+00
    2.33115981308411E+01    1.03609734264492E+00
    2.30957500000000E+01    1.04477223242117E+00
    2.28838623853211E+01    1.05508816236584E+00
    2.26758272727273E+01    1.06386797226397E+00
    2.24715405405405E+01    1.07420075034096E+00
    2.22709017857143E+01    1.08362898623598E+00
    2.20738141592920E+01    1.09256900583694E+00
    2.18801842105263E+01    1.10215392016060E+00
    2.16899217391304E+01    1.11150879262811E+00
    2.15029396551724E+01    1.12110949445507E+00
    2.13191538461538E+01    1.13073314480585E+00
    2.11384830508475E+01    1.13971689476716E+00
    2.09608487394958E+01    1.14954084636912E+00
    2.07861750000000E+01    1.15880278387308E+00
    2.06143884297521E+01    1.16801432185701E+00
    2.04454180327869E+01    1.17800749945485E+00
    2.02791951219512E+01    1.18770823892123E+00
    2.01156532258065E+01    1.19678628530576E+00
    1.99547280000000E+01    1.20549833492010E+00
    1.97963571428571E+01    1.21503446761219E+00
    1.96404803149606E+01    1.22444759352112E+00
    1.94870390625000E+01    1.23489214566319E+00
    1.93359767441860E+01    1.24363184522287E+00
    1.91872384615385E+01    1.25289817186250E+00
    1.90407709923664E+01    1.26274471094190E+00
    1.88965227272727E+01    1.27241645736957E+00
    1.87544436090226E+01    1.28168513597148E+00
    1.86144850746269E+01    1.29024595310773E+00
    1.84766000000000E+01    1.29958736877133E+00
    1.83407426470588E+01    1.30966144979358E+00
    1.82068686131387E+01    1.31938127339031E+00
    1.80749347826087E+01    1.32795318430930E+00
    1.79448992805755E+01    1.33796882655732E+00
    1.78167214285714E+01    1.34648970222941E+00
    1.76903617021277E+01    1.35652699243323E+00
    1.75657816901408E+01    1.36645269951336E+00
    1.74429440559441E+01    1.37540818159970E+00
    1.73218125000000E+01    1.38484346393245E+00
    1.72023517241379E+01    1.39437738424383E+00
    1.70845273972603E+01    1.40295733388548E+00
    1.69683061224490E+01    1.41273409488152E+00
    1.68536554054054E+01    1.42224161770635E+00
    1.67405436241611E+01    1.43173609672578E+00
    1.66289400000000E+01    1.44011689778124E+00
    1.65188145695364E+01    1.44992148688827E+00
    1.64101381578947E+01    1.45873459694414E+00
    1.63028823529412E+01    1.46891789054093E+00
    1.61970194805195E+01    1.47819221533021E+00
    1.60925225806452E+01    1.48775948587345E+00
    1.59893653846154E+01    1.49606812414621E+00
    1.58875222929936E+01    1.50634268966399E+00
    1.57869683544304E+01    1.51498231354718E+00
    1.56876792452830E+01    1.52449971437431E+00
    1.55896312500000E+01    1.53427598079427E+00
    1.54928012422360E+01    1.54280333992894E+00
    1.53971666666667E+01    1.55238838544638E+00
    1.53027055214724E+01    1.56139253762246E+00
    1.52093963414634E+01    1.57161992892514E+00
    1.51172181818182E+01    1.58070225260878E+00
    1.50261506024096E+01    1.58913532526889E+00
    1.49361736526946E+01    1.59899227413050E+00
    1.48472678571429E+01    1.60819607597586E+00
    1.47594142011834E+01    1.61690531708273E+00
    1.46725941176471E+01    1.62619098071897E+00
    1.45867894736842E+01    1.63520079327382E+00
    1.45019825581395E+01    1.64566888588338E+00
    1.44181560693642E+01    1.65515025505821E+00
    1.43352931034483E+01    1.66293011816221E+00
    1.42533771428571E+01    1.67315184832223E+00
    1.41723920454545E+01    1.68179422315849E+00
    1.40923220338983E+01    1.69119921908718E+00
    1.40131516853933E+01    1.70147597502194E+00
    1.39348659217877E+01    1.71054885878226E+00
    1.38574500000000E+01    1.71883619912684E+00
    1.37808895027624E+01    1.72767089421068E+00
    1.37051703296703E+01    1.73786248855205E+00
    1.36302786885246E+01    1.74713354359634E+00
    1.35562010869565E+01    1.75603188522713E+00
    1.34829243243243E+01    1.76446633126978E+00
    1.34104354838710E+01    1.77467575631330E+00
    1.33387219251337E+01    1.78364784652006E+00
    1.32677712765957E+01    1.79361615672697E+00
    1.31975714285714E+01    1.80129274509003E+00
    1.31281105263158E+01    1.81061315590453E+00
    1.30593769633508E+01    1.82060930038057E+00
    1.29913593750000E+01    1.83015643063620E+00
    1.29240466321244E+01    1.83972033220323E+00
    1.28574278350515E+01    1.84859165488666E+00
    1.27914923076923E+01    1.85674056165966E+00
    1.27262295918367E+01    1.86630871488923E+00
    1.26616294416244E+01    1.87487557504076E+00
    1.25976818181818E+01    1.88575212677447E+00
    1.25343768844221E+01    1.89364154931573E+00
    1.24717050000000E+01    1.90377312117292E+00
    1.24096567164179E+01    1.91232097605402E+00
    1.23482227722772E+01    1.92149865763893E+00
    1.22873940886700E+01    1.93032675881175E+00
    1.22271617647059E+01    1.94054685109657E+00
    1.21675170731707E+01    1.94837635367930E+00
    1.21084514563107E+01    1.95861399044797E+00
    1.20499565217391E+01    1.96800038798650E+00
    1.19920240384615E+01    1.97671921466039E+00
    1.19346459330144E+01    1.98505609361795E+00
    1.18778142857143E+01    1.99515680212080E+00
    1.18215213270142E+01    2.00459608640534E+00
    1.17657594339623E+01    2.01380051857324E+00
    1.17105211267606E+01    2.02203848431760E+00
    1.16557990654206E+01    2.03077916301707E+00
    1.16015860465116E+01    2.04006074510173E+00
    1.15478750000000E+01    2.04977095218556E+00
    1.14946589861751E+01    2.05872664805968E+00
    1.14419311926605E+01    2.06749508657675E+00
    1.13896849315068E+01    2.07718718568708E+00
    1.13379136363636E+01    2.08523455069746E+00
    1.12866108597285E+01    2.09525805314946E+00
    1.12357702702703E+01    2.10410603960209E+00
    1.11853856502242E+01    2.11393856793183E+00
    1.11354508928571E+01    2.12206842630298E+00
    1.10859600000000E+01    2.13116654916404E+00
    1.10369070796460E+01    2.14089404760877E+00
    1.09882863436123E+01    2.14980966265519E+00
    1.09400921052632E+01    2.15903291923705E+00
    1.08923187772926E+01    2.16756022024077E+00
    1.08449608695652E+01    2.17721429375011E+00
    1.07980129870130E+01    2.18577674990684E+00
    1.07514698275862E+01    2.19492865892531E+00
    1.07053261802575E+01    2.20297605162473E+00
    1.06595769230769E+01    2.21294630916186E+00
    1.06142170212766E+01    2.22213757075463E+00
    1.05692415254237E+01    2.23060498267481E+00
    1.05246455696203E+01    2.24030413707424E+00
    1.04804243697479E+01    2.24872166863593E+00
    1.04365732217573E+01    2.25736825759201E+00
    1.03930875000000E+01    2.26734072708896E+00
    1.03499626556017E+01    2.27689420196058E+00
    1.03071942148760E+01    2.28579446189733E+00
    1.02647777777778E+01    2.29433542985427E+00
    1.02227090163934E+01    2.30227882166702E+00
    1.01809836734694E+01    2.31225553910797E+00
    1.01395975609756E+01    2.32094214334532E+00
    1.00985465587045E+01    2.32952759868462E+00
    1.00578266129032E+01    2.33824115360451E+00
    1.00174337349398E+01    2.34825998340321E+00
    9.97736400000000E+00    2.35624178139879E+00
    9.93761354581673E+00    2.36626636923058E+00
    9.89817857142857E+00    2.37524281858133E+00
    9.85905533596838E+00    2.38400523488877E+00
    9.82024015748032E+00    2.39293420511511E+00
    9.78172941176470E+00    2.40215476293668E+00
    9.74351953125000E+00    2.40965243194717E+00
    9.70560700389105E+00    2.41991795293618E+00
    9.66798837209302E+00    2.42825269223280E+00
    9.63066023166023E+00    2.43855586811936E+00
    9.59361923076923E+00    2.44702217475905E+00
    9.55686206896552E+00    2.45642058434468E+00
    9.52038549618321E+00    2.46366226131038E+00
    9.48418631178707E+00    2.47401668812481E+00
    9.44826136363636E+00    2.48170732499607E+00
    9.41260754716981E+00    2.49040978956569E+00
    9.37722180451128E+00    2.49911748963239E+00
    9.34210112359550E+00    2.50988862156564E+00
    9.30724253731343E+00    2.51815814149851E+00
    9.27264312267658E+00    2.52706887407722E+00
    9.23830000000000E+00    2.53574383082863E+00
    9.20421033210332E+00    2.54570717256378E+00
    9.17037132352941E+00    2.55399744381802E+00
    9.13678021978022E+00    2.56199229297080E+00
    9.10343430656934E+00    2.57064040054324E+00
    9.07033090909091E+00    2.58039775081519E+00
    9.03746739130435E+00    2.58843733816136E+00
    9.00484115523466E+00    2.59718901283481E+00
    8.97244964028777E+00    2.60740630928179E+00
    8.94029032258064E+00    2.61640866487340E+00
    8.90836071428572E+00    2.62464261428041E+00
    8.87665836298932E+00    2.63412014300475E+00
    8.84518085106383E+00    2.64280467235855E+00
    8.81392579505300E+00    2.65186052244706E+00
    8.78289084507042E+00    2.66036210492318E+00
    8.75207368421053E+00    2.66924753747543E+00
    8.72147202797203E+00    2.67725160651823E+00
    8.69108362369338E+00    2.68816990098539E+00
    8.66090625000000E+00    2.69602808834945E+00
    8.63093771626298E+00    2.70540039698202E+00
    8.60117586206897E+00    2.71249511272988E+00
    8.57161855670103E+00    2.72288843135587E+00
    8.54226369863014E+00    2.73075577238284E+00
    8.51310921501706E+00    2.74070496211849E+00
    8.48415306122449E+00    2.74768542853494E+00
    8.45539322033898E+00    2.75786443800806E+00
    8.42682770270270E+00    2.76740046802038E+00
    8.39845454545455E+00    2.77449244154958E+00
    8.37027181208054E+00    2.78443209534314E+00
    8.34227759197324E+00    2.79295628294143E+00
    8.31447000000000E+00    2.80047493682235E+00
    8.28684717607973E+00    2.81073403421429E+00
    8.25940728476821E+00    2.81820902828345E+00
    8.23214851485148E+00    2.82676699525629E+00
    8.20506907894737E+00    2.83739703651061E+00
    8.17816721311475E+00    2.84544111767480E+00
    8.15144117647059E+00    2.85347130553740E+00
    8.12488925081433E+00    2.86445956344677E+00
    8.09850974025974E+00    2.87131250026470E+00
    8.07230097087379E+00    2.88109465141457E+00
    8.04626129032258E+00    2.88996914411355E+00
    8.02038906752412E+00    2.89859768682748E+00
    7.99468269230769E+00    2.90725152157964E+00
    7.96914057507987E+00    2.91701218675784E+00
    7.94376114649681E+00    2.92564886240818E+00
    7.91854285714286E+00    2.93398707651775E+00
    7.89348417721519E+00    2.94242882397441E+00
    7.86858359621451E+00    2.95028574209905E+00
    7.84383962264151E+00    2.95901372708796E+00
    7.81925078369906E+00    2.96993786422148E+00
    7.79481562500000E+00    2.97665357936689E+00
    7.77053271028037E+00    2.98592410197428E+00
    7.74640062111801E+00    2.99493520282372E+00
    7.72241795665635E+00    3.00276400888046E+00
    7.69858333333333E+00    3.01330947398428E+00
    7.67489538461538E+00    3.02178773043787E+00
    7.65135276073620E+00    3.02855182474854E+00
    7.62795412844037E+00    3.03717534264188E+00
    7.60469817073171E+00    3.04724946252692E+00
    7.58158358662614E+00    3.05555212196720E+00
    7.55860909090909E+00    3.06340426744311E+00
    7.53577341389728E+00    3.07362769868987E+00
    7.51307530120482E+00    3.08147124779555E+00
    7.49051351351351E+00    3.09178942825797E+00
    7.46808682634731E+00    3.09932429985436E+00
    7.44579402985075E+00    3.10847515738762E+00
    7.42363392857143E+00    3.11632130376865E+00
    7.40160534124629E+00    3.12659648847209E+00
    7.37970710059172E+00    3.13497348213828E+00
    7.35793805309735E+00    3.14258274137788E+00
    7.33629705882353E+00    3.14990615023296E+00
    7.31478299120235E+00    3.16077047699027E+00
    7.29339473684210E+00    3.16841802567154E+00
    7.27213119533528E+00    3.17714906979787E+00
    7.25099127906977E+00    3.18567389429996E+00
    7.22997391304348E+00    3.19521528612795E+00
    7.20907803468208E+00    3.20396047625118E+00
    7.18830259365994E+00    3.21339670211976E+00
    7.16764655172414E+00    3.21903403742985E+00
    7.14710888252149E+00    3.23046583913765E+00
    7.12668857142857E+00    3.23839002746413E+00
    7.10638461538462E+00    3.24735812393113E+00
    7.08619602272727E+00    3.25480014102502E+00
    7.06612181303116E+00    3.26499532336552E+00
    7.04616101694915E+00    3.27112523021750E+00
    7.02631267605634E+00    3.28137243571882E+00
    7.00657584269663E+00    3.29092603824627E+00
    6.98694957983193E+00    3.29744480439484E+00
    6.96743296089385E+00    3.30720149514336E+00
    6.94802506963788E+00    3.31686588186181E+00
    6.92872500000000E+00    3.32311179249763E+00
    6.90953185595568E+00    3.33117167299897E+00
    6.89044475138121E+00    3.34266989906995E+00
    6.87146280991736E+00    3.35103766568004E+00
    6.85258516483516E+00    3.35733270015650E+00
    6.83381095890411E+00    3.36554961194596E+00
    6.81513934426229E+00    3.37659788061945E+00
    6.79656948228883E+00    3.38350102883272E+00
    6.77810054347826E+00    3.39359334457357E+00
    6.75973170731707E+00    3.40179126036537E+00
    6.74146216216216E+00    3.41087411579962E+00
    6.72329110512129E+00    3.41762908558654E+00
    6.70521774193548E+00    3.42727417849040E+00
    6.68724128686327E+00    3.43659503286265E+00
    6.66936096256685E+00    3.44420049349352E+00
    6.65157600000000E+00    3.45132917682882E+00
    6.63388563829787E+00    3.45980979757087E+00
    6.61628912466843E+00    3.47122386814038E+00
    6.59878571428571E+00    3.47748586077695E+00
    6.58137467018470E+00    3.48657088891350E+00
    6.56405526315790E+00    3.49354666862965E+00
    6.54682677165354E+00    3.50333598638713E+00
    6.52968848167539E+00    3.51397697738373E+00
    6.51263968668407E+00    3.52104013337487E+00
    6.49567968750000E+00    3.52847277148632E+00
    6.47880779220779E+00    3.53847871995855E+00
    6.46202331606218E+00    3.54682064875174E+00
    6.44532558139535E+00    3.55560635252269E+00
    6.42871391752577E+00    3.56447169836157E+00
    6.41218766066838E+00    3.57008851008436E+00
    6.39574615384615E+00    3.57880779721151E+00
    6.37938874680307E+00    3.59045512345158E+00
    6.36311479591837E+00    3.59865913210085E+00
    6.34692366412214E+00    3.60705445389362E+00
    6.33081472081218E+00    3.61572325720508E+00
    6.31478734177215E+00    3.62416489194149E+00
    6.29884090909091E+00    3.63150337731037E+00
    6.28297481108312E+00    3.64032725349652E+00
    6.26718844221106E+00    3.64725194006662E+00
    6.25148120300752E+00    3.65510783394709E+00
    6.23585250000000E+00    3.66377463710757E+00
    6.22030174563591E+00    3.67272198848114E+00
    6.20482835820895E+00    3.68257031471687E+00
    6.18943176178660E+00    3.69200666793316E+00
    6.17411138613861E+00    3.69830710122688E+00
    6.15886666666667E+00    3.70680784787578E+00
    6.14369704433498E+00    3.71565704573000E+00
    6.12860196560197E+00    3.72493284624560E+00
    6.11358088235294E+00    3.73270705341425E+00
    6.09863325183374E+00    3.74247668134585E+00
    6.08375853658537E+00    3.74938707381730E+00
    6.06895620437956E+00    3.75653483143874E+00
    6.05422572815534E+00    3.76690948714992E+00
    6.03956658595642E+00    3.77316610265258E+00
    6.02497826086957E+00    3.78293322056900E+00
    6.01046024096386E+00    3.79082882852931E+00
    5.99601201923077E+00    3.80165360900510E+00
    5.98163309352518E+00    3.80875608346307E+00
    5.96732296650718E+00    3.81691149175145E+00
    5.95308114558473E+00    3.82361872623159E+00
    5.93890714285714E+00    3.83397429193238E+00
    5.92480047505938E+00    3.84249521869424E+00
    5.91076066350711E+00    3.84841701759318E+00
    5.89678723404255E+00    3.85729039587578E+00
    5.88287971698113E+00    3.86801140874702E+00
    5.86903764705882E+00    3.87632977507699E+00
    5.85526056338028E+00    3.88346374089711E+00
    5.84154800936768E+00    3.89144983143004E+00
    5.82789953271028E+00    3.90050336062933E+00
    5.81431468531469E+00    3.90774730997956E+00
    5.80079302325581E+00    3.91647091076466E+00
    5.78733410672854E+00    3.92518095714653E+00
    5.77393750000000E+00    3.93213881269014E+00
    5.76060277136259E+00    3.94364753585759E+00
    5.74732949308756E+00    3.95025034961439E+00
    5.73411724137931E+00    3.95820580566266E+00
    5.72096559633027E+00    3.96650512347703E+00
    5.70787414187643E+00    3.97501224771588E+00
    5.69484246575342E+00    3.98475100136799E+00
    5.68187015945330E+00    3.99060952911302E+00
    5.66895681818182E+00    4.00031590001309E+00
    5.65610204081633E+00    4.00980673690631E+00
    5.64330542986425E+00    4.01615869811211E+00
    5.63056659142212E+00    4.02481764854092E+00
    5.61788513513514E+00    4.03308786047043E+00
    5.60526067415730E+00    4.04216066914247E+00
    5.59269282511211E+00    4.05141448067930E+00
    5.58018120805369E+00    4.05873311636992E+00
    5.56772544642857E+00    4.06858691665254E+00
    5.55532516703786E+00    4.07628957501147E+00
    5.54298000000000E+00    4.08347208518626E+00
    5.53068957871397E+00    4.09312505710951E+00
    5.51845353982301E+00    4.10184083588194E+00
    5.50627152317881E+00    4.10822219696713E+00
    5.49414317180617E+00    4.11723953940862E+00
    5.48206813186813E+00    4.12277680464049E+00
    5.47004605263158E+00    4.13311101363427E+00
    5.45807658643326E+00    4.14008879890107E+00
    5.44615938864629E+00    4.15013599324351E+00
    5.43429411764706E+00    4.15805571079217E+00
    5.42248043478261E+00    4.16684936961994E+00
    5.41071800433839E+00    4.17611198843408E+00
    5.39900649350649E+00    4.18058115108692E+00
    5.38734557235421E+00    4.19196412033916E+00
    5.37573491379310E+00    4.19733632196079E+00
    5.36417419354839E+00    4.20791311808397E+00
    5.35266309012875E+00    4.21595121936318E+00
    5.34120128479657E+00    4.22557724320574E+00
    5.32978846153846E+00    4.23314610469985E+00
    5.31842430703625E+00    4.23976141262226E+00
    5.30710851063830E+00    4.24690898610309E+00
    5.29584076433121E+00    4.25719443314497E+00
    5.28462076271186E+00    4.26661253335456E+00
    5.27344820295983E+00    4.27272319613981E+00
    5.26232278481013E+00    4.28321108305185E+00
    5.25124421052632E+00    4.29076168794768E+00
    5.24021218487395E+00    4.29761883536671E+00
    5.22922641509434E+00    4.30656826633838E+00
    5.21828661087866E+00    4.31426493736315E+00
    5.20739248434238E+00    4.32189913970528E+00
    5.19654375000000E+00    4.32997900394104E+00
    5.18574012474012E+00    4.33920060631553E+00
    5.17498132780083E+00    4.34793023301992E+00
    5.16426708074534E+00    4.35665103624112E+00
    5.15359710743802E+00    4.36433047640552E+00
    5.14297113402062E+00    4.36890142819515E+00
    5.13238888888889E+00    4.37737398499316E+00
    5.12185010266940E+00    4.38922688144542E+00
    5.11135450819672E+00    4.39537564649599E+00
    5.10090184049080E+00    4.40480898416320E+00
    5.09049183673469E+00    4.41205611807925E+00
    5.08012423625255E+00    4.42066073558080E+00
    5.06979878048780E+00    4.42667300342548E+00
    5.05951521298174E+00    4.43682950021589E+00
    5.04927327935223E+00    4.44627661494242E+00
    5.03907272727273E+00    4.45327803453575E+00
    5.02891330645161E+00    4.46226208734203E+00
    5.01879476861167E+00    4.46667492133906E+00
    5.00871686746988E+00    4.47463754079086E+00
    4.99867935871743E+00    4.48438347580714E+00
    4.98868200000000E+00    4.49272117488164E+00
